#           Observatorio Astronomico Nacional San Pedro Martir
#STAR_ID           RA        DEC        U        B        V        R        I 
#1                  2          3        4        5        6        7        8 
1404       274.446010 -12.263784   6.8626    6.474    6.132  97.5352  98.2045
315        274.541165 -12.179727   4.7946    5.936    6.251   7.2182  98.2045
313        274.541203 -12.179965  95.3236    5.927    6.263   6.4252   9.9695
743        274.512948 -12.242862   5.2656    6.385    6.687   6.7842   6.9715
521        274.526915 -12.234512   5.6736    6.807    7.151   7.2752   7.4845
882        274.504671 -12.237100   6.1426    7.194    7.471   7.5732   7.7425
1116       274.488487 -12.272965   6.2866    7.285    7.477   7.5122   7.6125
1250       274.475664 -12.215810   6.8346    7.778     7.87   7.8092   7.8365
934        274.501980 -12.234217   7.4436    8.446    8.695   8.7702   8.9225
1344       274.459924 -12.261881   7.9376    8.909    9.089   9.1172   9.2285
205        274.546964 -12.232199   7.8886    8.876    9.138   9.2282   9.4005
689        274.517507 -12.172078   8.0826    8.968    9.179   9.2242   9.3345
748        274.512450 -12.259605   8.0256    8.994    9.196   9.2422   9.3675
354        274.537948 -12.248212   8.0376    9.004    9.237   9.3042   9.4475
783        274.510878 -12.244536   8.2036    9.143    9.402   9.4852   9.6415
772        274.511154 -12.273023  11.8196    10.61     9.62   8.9522   8.5225
826        274.509130 -12.186557   8.8926    9.439    9.641   9.6862   9.8445
281        274.543483 -12.177755  12.0306   10.927     9.85   9.1102   8.6245
679        274.517044 -12.257574   8.8346    9.693     9.87   9.9012  10.0055
1369       274.454085 -12.253157  11.3726   10.517    9.915   9.5472   9.3995
731        274.514807 -12.170407   9.0346    9.787    9.949   9.9712  10.0595
1417       274.443548 -12.245038   9.1486    9.619    9.978  10.1682  10.4115
644        274.519472 -12.243439   8.9296    9.785    9.999  10.0462  10.1465
610        274.521426 -12.246582   9.0496    9.836   10.004  10.0182  10.0965
293        274.542053 -12.217009   8.8806    9.769   10.014  10.0932  10.2415
764        274.511950 -12.245156   8.8756    9.774   10.023  10.1092  10.2515
938        274.501948 -12.211221  13.0596   11.624   10.348   9.3612   8.4825
1242       274.476403 -12.261828   9.9356   10.449    10.52  10.4942  10.5205
177        274.549379 -12.202888   9.8956   10.454    10.62  10.6672  10.8295
1231       274.478458 -12.218691  11.9236   11.349   10.725  10.3022  10.0825
34         274.558779 -12.216556   9.9666   10.492   10.725  10.8242  10.9545
1169       274.484934 -12.224013  10.0726   10.474   10.728  10.8312  11.0395
1173       274.484678 -12.208644  10.0256   10.737    10.83  10.7982  10.8365
581        274.523399 -12.241761  95.3236    9.449   10.835  97.5352  98.2045
1095       274.490473 -12.220338  10.0056   10.737    10.89  10.8982  10.9705
1112       274.489567 -12.211772  10.1776   10.729   10.896  10.9222  11.0405
1068       274.493030 -12.191871  10.2046   10.854   10.948  10.9232  10.9705
732        274.514688 -12.178577  10.3556   10.891   11.004  11.0122  11.0785
578        274.523490 -12.243622   9.8466   10.452   11.039  97.5352  98.2045
665        274.518074 -12.256918  10.2606   11.007   11.144  11.1582  11.2355
306        274.540433 -12.280868  10.4276   11.063    11.16  11.1492  11.1745
347        274.537943 -12.274923  10.6216   11.172   11.191  11.1252  11.1065
32         274.558574 -12.241621  10.4446   11.067   11.197  11.2182  11.2855
953        274.500112 -12.256360  10.4046   11.133   11.269  11.2582  11.3195
571        274.523777 -12.246517  10.6426   11.191   11.309  11.3002  11.2965
455        274.530685 -12.280506  10.6986   11.288   11.377  11.3542  11.3885
1267       274.472841 -12.277456  10.8506   11.424   11.474  11.4252  11.4255
1254       274.474893 -12.238153  12.7886   12.153   11.481  11.0182  10.7525
1064       274.492666 -12.242220  11.9496   11.732   11.498  11.3182  11.3575
614        274.521400 -12.228534  11.1256    11.49   11.504  11.4692  11.5705
200        274.546886 -12.279723  11.1066   11.622   11.617  11.5372  11.5025
663        274.518195 -12.254510  11.1346   11.644   11.695  11.6392  11.6285
40         274.558439 -12.192417  11.0036   11.542   11.723  11.7662  11.8225
968        274.500252 -12.180402  11.0876   11.647   11.752  11.7292  11.7665
661        274.518406 -12.252348  11.2396   11.772   11.793  11.6732  11.7545
863        274.506545 -12.222151  11.4476   11.688   11.844  11.9022  12.0295
705        274.516376 -12.171730  11.2446   11.739   11.848  11.8302  11.8535
1285       274.471170 -12.215228  11.2036   11.787   11.859  11.7852  11.7995
1063       274.492570 -12.257918  11.3446   11.862   11.939  11.9132  11.9355
226        274.546968 -12.174362  11.3976   11.835   11.999  12.0582  12.1425
420        274.533290 -12.248908  12.0466   12.193   12.021  11.8492  11.7895
2          274.560379 -12.242086  11.7586   12.068   12.055  12.0012  12.0585
1419       274.442717 -12.266075  12.3526   12.341   12.071  11.8022  11.6675
1363       274.456552 -12.208675  11.5626   12.009   12.087  12.0702  12.1805
883        274.504586 -12.239274  11.5106   12.001   12.156  12.1762  12.2205
359        274.537343 -12.261497  11.7086   12.124   12.196  12.1752  12.1895
589        274.522900 -12.244286  11.1696   96.022   12.253  12.2662  98.2045
851        274.506891 -12.247264  11.7916   12.198   12.299  12.3172  12.3795
142        274.552075 -12.200203  12.3006   12.419    12.33  12.2502  12.3365
1380       274.452068 -12.278805  11.8786     12.3   12.342  12.3172  12.3845
1295       274.469194 -12.262681  12.3796   12.512   12.421  12.3142  12.2325
1125       274.488432 -12.228185  95.3236   13.732   12.445  11.5022  10.7985
534        274.526243 -12.231796  12.1486   12.483   12.465  12.4062  12.4495
739        274.512941 -12.267525  12.3676   12.526   12.471  12.3822  12.3275
244        274.544457 -12.264269  12.1286   12.504   12.506  12.4642  12.5455
1235       274.478007 -12.199251  12.2256   12.589   12.511  12.3722  12.2955
755        274.513077 -12.196049  12.1026   12.569   12.589  12.5282  12.5985
1012       274.496716 -12.221741  12.0836   12.542    12.61  12.6012  12.7165
85         274.555619 -12.170543  14.1646   13.412   12.626  12.0762  11.7125
804        274.509331 -12.277944  12.3856   12.647   12.664  12.6122  12.5955
349        274.538680 -12.215274  12.7626   12.852   12.665  12.4632  12.3565
1398       274.447643 -12.263232  95.3236   13.545   12.706  97.5352  98.2045
341        274.539641 -12.179274  95.3236    12.35   12.706  97.5352  98.2045
766        274.511698 -12.262564  12.5086   12.755    12.72  12.6272  12.5495
53         274.557417 -12.191781  12.5526   12.841    12.77  12.6042  12.4325
1124       274.488343 -12.248112  12.6456   12.806   12.771  12.7082  12.7165
808        274.510632 -12.176021  12.5026   12.858   12.826  12.7672  12.8355
669        274.517276 -12.282828  12.9296   12.998   12.827  12.6602  12.5645
1377       274.453276 -12.239594  12.4246   12.832   12.832  12.8012  12.8765
1374       274.453557 -12.229810  13.1366   13.191    12.85  12.5602  12.3975
846        274.507610 -12.227836  95.3236   13.944   12.889  12.1352  11.5915
1332       274.462795 -12.189521  12.8716   13.079   12.895  12.6802  12.5255
716        274.515049 -12.214147  12.7326   12.893   12.896  12.8452  12.8495
1260       274.474215 -12.231574  13.0156   13.164   12.897  12.6662  12.5645
1001       274.497122 -12.232172  13.1076   13.171   12.915  12.6532  12.4565
844        274.507709 -12.231182  12.5816   12.959   12.922  12.8532  12.9205
625        274.520851 -12.221046  12.4246    12.93   12.952  12.8962  12.9235
1033       274.495336 -12.204534  12.8226   12.976   12.954  12.8862  12.8585
105        274.554351 -12.180702  95.3236   13.933   12.955  12.2302  11.6945
594        274.522311 -12.270385  13.4646   13.383   12.971  12.5762  12.2015
898        274.503562 -12.251612  12.8036   13.005   12.993  12.9472  12.9335
1397       274.448911 -12.187002  12.9226   13.156   12.996  12.7742  12.6175
65         274.555755 -12.262016  13.2356    13.17   13.022  12.8442  12.7105
192        274.548804 -12.180081  12.7606   13.092   13.038  12.9642  13.0085
1120       274.489082 -12.207772  12.9616   13.149   13.069  12.9672  13.0265
77         274.555753 -12.216350  12.6596   13.076    13.07  13.0122  13.0635
1183       274.483414 -12.255186  13.2236   13.305   13.106  12.9632  12.9815
776        274.512000 -12.193194  13.3296   13.441    13.12  12.8082  12.6135
646        274.519667 -12.226046  13.3576   13.501   13.176  12.8542  12.6605
393        274.535882 -12.214792  13.7686   13.466   13.221  13.0212  13.0275
335        274.538796 -12.276703  95.3236   15.019   13.238  11.7782  10.5115
1266       274.474243 -12.180183  13.2586   13.425   13.254  13.0522  12.9065
56         274.556244 -12.262598  13.3546   13.536   13.263  13.0152  12.8775
1401       274.446870 -12.236254  13.6266   13.675   13.298  12.9842  12.7875
1341       274.460473 -12.271254  13.6496   13.679   13.332  13.0742  12.9455
286        274.542376 -12.238037  13.6186   13.536   13.337  13.1542  13.1545
975        274.499892 -12.175767  13.4476   13.475   13.378  13.2642  13.2135
1389       274.450910 -12.176109  13.1186   13.467   13.396  13.2932  13.3215
741        274.513194 -12.236463  13.5526   13.729   13.432  13.1882  13.0605
1177       274.484963 -12.172601  13.8516   13.701   13.476  13.2862  13.2605
1333       274.461539 -12.258070  13.7286    13.81   13.487  13.2262  13.0975
912        274.503249 -12.233011  95.3236   96.022   13.491  13.4662  13.5005
1372       274.454600 -12.177788  13.8676     13.9   13.545  13.2292  13.0555
1147       274.487566 -12.181025  14.1366   14.081   13.578  13.1462  12.8475
1021       274.495862 -12.237698  14.0356   13.976   13.696  13.3962  13.1425
1065       274.493609 -12.168187  13.9746   13.933   13.712  13.5442  13.4345
1086       274.491332 -12.234216  95.3236   14.873   13.736  12.8742  12.2325
26         274.559134 -12.225220  14.4086   14.028   13.736  13.5112  13.4845
159        274.549934 -12.249038  14.5706   14.235   13.748  13.3572  13.1765
933        274.502188 -12.224697  13.6046   13.887   13.762  13.6522  13.6935
322        274.539857 -12.241379  95.3236   14.983   13.768  12.8792  12.2245
390        274.536531 -12.169411  13.7126   13.978   13.768  13.5842  13.4765
558        274.524313 -12.277964  13.9166   13.947   13.768  13.5702  13.4045
475        274.529690 -12.237803  14.1816    14.09   13.782  13.6882  13.6915
656        274.518260 -12.281791  13.7866   13.951   13.793  13.6212  13.5325
299        274.540937 -12.274640  13.5106   13.854   13.829  13.7582  13.8225
439        274.532357 -12.216353  95.3236   15.033   13.882  12.9842  12.3385
486        274.529100 -12.235987  95.3236   13.797   13.886  12.7552  11.5545
102        274.553385 -12.273049  14.4736   14.279   13.895  13.5052  13.1525
978        274.498855 -12.237349  95.3236    14.35    13.91  13.5002  13.3625
1263       274.474075 -12.225883  14.3256   14.405    13.94  13.5712  13.3215
1149       274.487591 -12.171656  13.9386   14.164   13.951  13.7462  13.6675
529        274.526441 -12.235998  95.3236   13.155   13.956  97.5352  98.2045
1152       274.487228 -12.172561  14.3216   14.459   13.961  13.5832  13.3135
543        274.525816 -12.235671  95.3236   13.186   13.972  97.5352  98.2045
113        274.552754 -12.281164  14.5796   14.258   13.985  13.7572  13.7155
440        274.531398 -12.281026  95.3236   96.022   13.994  13.0772  12.4345
1406       274.446659 -12.202421  95.3236   14.655       14  13.5642  13.2985
1418       274.443583 -12.209193  95.3236   14.607   14.018  13.5412  13.1955
809        274.509601 -12.241259  95.3236   15.089   14.025  13.1792  12.5485
345        274.538210 -12.261120  95.3236   96.022   14.055  13.6272  13.4295
132        274.552981 -12.180896  95.3236    15.06   14.078  13.3262  12.7425
123        274.553281 -12.202274  95.3236   15.133   14.108  13.2812  12.6595
285        274.541864 -12.282838  95.3236   15.354   14.113  13.1662  12.4265
884        274.504330 -12.257388  14.2056   14.496   14.124  13.8452  13.6915
637        274.520192 -12.218079  95.3236   14.605   14.139  13.7402  13.3745
1421       274.442945 -12.247594  14.4716   14.472   14.155  13.9732  13.9315
430        274.533516 -12.169446  14.4656    14.39   14.163  14.0402  14.0995
859        274.506861 -12.206168  95.3236   15.458   14.177  13.1842  12.4475
309        274.541506 -12.187602  95.3236   15.083   14.188  13.4222  12.8365
1282       274.472291 -12.179255  95.3236   14.661   14.197  13.8292  13.6035
353        274.538933 -12.177616  95.3236   96.022   14.198  13.8012  13.2435
1403       274.445890 -12.274851  95.3236   14.754   14.211  14.0042  14.0025
1207       274.480624 -12.247770  14.6136   14.528   14.217  13.9192  13.8165
1025       274.495174 -12.253191  14.3176   14.504   14.221  13.9102  13.6945
399        274.535092 -12.240359  14.1386   14.363   14.222  14.0662  14.0755
520        274.527045 -12.226116  95.3236   15.311   14.224  13.4162  12.8155
405        274.534384 -12.263780  95.3236   14.785   14.238  13.7612  13.3595
1133       274.487068 -12.272264  95.3236   96.022    14.25  14.0862  98.2045
173        274.549199 -12.255796  95.3236    16.03   14.256  12.9132  11.8735
358        274.538564 -12.181893  95.3236   96.022   14.257  14.2242  13.9715
1107       274.490487 -12.175856  95.3236    14.64   14.265  13.9642  13.8105
1270       274.474178 -12.170131  14.5006   14.605   14.279  14.0122  13.8595
216        274.547116 -12.184573  95.3236   14.724    14.28  13.9182  13.7615
73         274.555239 -12.265870  95.3236   14.586   14.287  14.0542  13.9785
916        274.502600 -12.268925  95.3236   15.549   14.294  13.3982  12.7405
952        274.499736 -12.284294  95.3236   14.753   14.303  13.9672  13.7735
568        274.524600 -12.194577  14.7496   14.665   14.305  13.9372  13.5845
441        274.532889 -12.170011  95.3236   14.694   14.311  13.9312  13.6505
289        274.541481 -12.276081  95.3236   15.955   14.313  13.1342  12.2375
1257       274.474727 -12.217025  95.3236   14.269   14.314  97.5352  98.2045
740        274.513034 -12.254309  95.3236   14.615   14.314  14.0612  14.0375
124        274.553406 -12.181753  95.3236    15.31   14.328  13.5722  12.9805
832        274.508794 -12.194732  14.5766   14.743   14.377  14.0162  13.7705
631        274.520093 -12.247066  95.3236   14.513   14.379  14.1192  14.0045
878        274.505855 -12.168010  95.3236   15.034   14.386  13.8832  13.5185
1102       274.489505 -12.283067  95.3236   15.103   14.406  13.8122  13.4455
38         274.558714 -12.178858  14.6556   14.695   14.447  14.2222  14.0995
1427       274.441731 -12.257335  95.3236   15.104   14.456  13.9282  13.6665
1219       274.479625 -12.234222  95.3236   15.778   14.476  13.5102  12.7065
1309       274.467080 -12.225922  14.4856   14.787   14.478  14.1992  14.0755
1123       274.488201 -12.260757  95.3236   15.882   14.484  13.4652  12.6855
78         274.556031 -12.186669  95.3236    15.57   14.505  13.6852  13.0685
1387       274.450404 -12.242232  95.3236   15.174   14.541  14.0112  13.6295
820        274.508425 -12.256123  14.6286     14.9   14.541  14.2422  14.1755
868        274.505487 -12.257231  95.3236   16.106   14.547  13.4402  12.6315
519        274.526637 -12.256855  95.3236   14.968   14.563  14.2532  14.0545
1264       274.473405 -12.264774  95.3236   14.788   14.595  14.4312  14.4215
308        274.540469 -12.271508  95.3236   15.928     14.6  13.5912  12.8075
427        274.532263 -12.279391  95.3236   15.235   14.604  14.0532  13.6015
567        274.524167 -12.228397  95.3236   16.295   14.605  13.3012  12.2145
1229       274.479185 -12.185960  95.3236   15.096   14.609  14.1712  13.8745
3          274.559831 -12.280679  95.3236   15.732   14.614  13.6932  12.9565
573        274.524258 -12.200644  95.3236   14.939   14.616  14.2902  14.0735
767        274.512736 -12.184084  14.5576   15.019    14.62  14.2952  14.1125
60         274.556347 -12.244039  95.3236   15.208   14.621  14.1692  13.8545
964        274.499872 -12.219286  95.3236   14.978   14.643  14.2922  14.0115
483        274.528571 -12.279197  95.3236   16.046   14.659  13.4982  12.5215
875        274.505374 -12.231858  95.3236   15.814   14.661  13.8092  13.1625
918        274.502261 -12.282863  95.3236   15.277   14.669  14.1162  13.6585
771        274.511498 -12.248818  95.3236   16.337   14.678  13.5142  12.6395
682        274.517546 -12.192803  95.3236    16.38   14.679  13.2232  11.9705
1208       274.480320 -12.268548  95.3236   14.946   14.693  14.3212  13.4505
551        274.524967 -12.255342  95.3236   16.184   14.694  13.5242  12.6755
1368       274.455048 -12.192650  95.3236   15.237   14.711  14.2902  13.9985
1113       274.489989 -12.180426  95.3236   15.133   14.727  14.3382  14.0895
443        274.532264 -12.212985  95.3236   16.008   14.738  13.7122  12.9745
774        274.511840 -12.218689  95.3236    15.97    14.78  13.8202  13.0895
1306       274.468363 -12.192755  95.3236    15.37   14.786  14.2932  13.9095
1245       274.476690 -12.205850  95.3236   15.423   14.787  14.1802  13.8495
379        274.536560 -12.236750  95.3236   16.353   14.806  13.1372  11.4685
857        274.506739 -12.223661  95.3236   15.131   14.808  14.5072  14.4715
363        274.538265 -12.180195  95.3236   96.022   14.816  14.6132  14.1975
296        274.541654 -12.225163  95.3236   16.253   14.821  13.7592  12.9755
300        274.542216 -12.175458  95.3236   15.995   14.821  13.8812  13.1655
307        274.540914 -12.243668  95.3236   15.302   14.832  14.4322  14.2075
496        274.528629 -12.223964  95.3236   15.909   14.832  13.9622  13.3245
970        274.498724 -12.283423  95.3236   15.217   14.836  14.5452  14.4375
1186       274.484214 -12.186020  95.3236   16.609   14.847  13.3682  12.1985
906        274.503520 -12.228718  95.3236   16.106    14.86  13.9512  13.2675
640        274.519901 -12.227818  95.3236    15.76   14.863  14.2962  13.8795
929        274.502655 -12.202344  95.3236    15.28   14.873  14.5712  14.3935
800        274.509973 -12.245834  95.3236   14.557   14.876  14.7872  14.7295
1409       274.446540 -12.173071  95.3236   15.269   14.885  14.5312  14.5085
730        274.514147 -12.222138  95.3236   16.275   14.887  13.9772  13.3045
1097       274.490521 -12.214711  95.3236   16.102    14.89  13.9612  13.2595
954        274.499689 -12.281077  95.3236   15.417   14.896  14.4452  14.0635
1328       274.462665 -12.260851  95.3236   15.135   14.899  14.6702  14.6825
1335       274.461392 -12.247376  95.3236    15.27   14.901  14.5622  14.4325
391        274.535417 -12.251773  95.3236   15.376   14.902  14.6012  14.5225
853        274.506956 -12.239431  95.3236   96.022    14.91  14.1372  13.4635
1166       274.485922 -12.174283  95.3236   15.542   14.952  14.4012  13.8845
664        274.518433 -12.236725  95.3236   15.449   14.954  14.6122  14.4805
16         274.560677 -12.177816  95.3236   15.644   14.963  14.3502  13.8425
1327       274.463231 -12.223882  95.3236   15.339   14.964  14.6692  14.5855
538        274.526189 -12.229756  95.3236   16.149   14.966  14.0992  13.4295
225        274.546107 -12.238874  95.3236   15.246   14.973  14.6882  14.5885
1367       274.455076 -12.195922  95.3236   15.406   14.975  14.5502  14.2315
149        274.551465 -12.215877  95.3236   16.377   14.977  13.9072  13.0795
713        274.515247 -12.218257  95.3236   15.586   14.977  14.3792  13.9255
838        274.508904 -12.171535  95.3236   15.275   14.983  14.7382  14.5765
662        274.518532 -12.238167  95.3236    15.52       15  14.6762  14.3465
264        274.543648 -12.240282  95.3236   15.761   15.003  14.3752  13.9815
1379       274.453137 -12.223107  95.3236   15.827   15.008  14.3442  13.8735
1253       274.475610 -12.189855  95.3236   15.437   15.013  14.6712  14.4645
1148       274.486248 -12.274408  95.3236   96.022   15.017  14.2632  12.8105
1217       274.479701 -12.232000  95.3236   15.651   15.026  14.5512  14.2285
1111       274.489917 -12.199172  95.3236   16.151   15.032  13.9252  12.9835
785        274.511180 -12.215991  95.3236   15.811    15.04  14.4962  14.1315
1351       274.459082 -12.254415  95.3236    15.45   15.044  14.7322  14.5595
742        274.513364 -12.217233  95.3236    16.28   15.056  14.1482  13.4665
1386       274.451074 -12.217602  95.3236   15.527   15.067  14.6552  14.5325
1073       274.491993 -12.238129  95.3236   15.954   15.069  14.4052  13.9035
1099       274.490371 -12.222178  95.3236   15.477    15.07  14.6362  14.4435
1273       274.472960 -12.214021  95.3236   15.528   15.076  14.5912  13.6235
37         274.557464 -12.278885  95.3236   15.894   15.078  14.4302  13.8705
773        274.511786 -12.223732  95.3236   16.581   15.082  14.0262  13.2635
275        274.542589 -12.275946  95.3236   15.375   15.083  14.8642  14.8705
847        274.507812 -12.207942  95.3236   16.656   15.084  13.8562  12.9005
967        274.499273 -12.254879  95.3236   96.022   15.088  14.7582  14.5445
908        274.503195 -12.249375  95.3236   15.735   15.089  14.4802  14.0195
1165       274.485508 -12.206368  95.3236   15.434     15.1  14.8432  14.7875
1320       274.464901 -12.256908  95.3236    15.48     15.1  14.8132  14.6675
555        274.524605 -12.267069  95.3236   15.628   15.123  14.7162  14.4405
82         274.554624 -12.270811  95.3236   16.537   15.135  14.0482  13.1885
279        274.542846 -12.244797  95.3236   16.315   15.146  14.2062  13.5175
290        274.542853 -12.169176  95.3236   16.534   15.146  14.1572  13.4165
1230       274.478275 -12.241782  95.3236    16.34    15.15  14.0822  13.2015
991        274.497552 -12.249464  95.3236   96.022   15.158  14.1202  13.3135
1391       274.450876 -12.167769  95.3236   15.539   15.167  14.7502  14.5795
813        274.510116 -12.182291  95.3236   15.581   15.178  14.8702  14.7245
1307       274.468339 -12.180262  95.3236   16.317   15.186  14.3902  13.7945
957        274.500321 -12.222332  95.3236    16.57   15.193  14.0162  13.1295
263        274.543211 -12.273583  95.3236    15.79   15.194  14.7672  14.5175
436        274.532753 -12.201815  95.3236   15.552   15.199  14.9082  14.8075
836        274.509081 -12.170567  95.3236   16.304   15.202  13.7992  12.1175
213        274.546794 -12.218389  95.3236   16.619   15.207  14.1432  13.3435
429        274.533456 -12.188778  95.3236   15.588   15.215  14.8802  14.7755
110        274.554236 -12.175932  95.3236   15.744   15.219  14.7172  14.3135
145        274.551047 -12.266795  95.3236   96.022   15.222  14.1852  13.4045
765        274.511685 -12.263685  95.3236   15.943   15.226  14.6732  14.2625
422        274.533746 -12.198070  95.3236   16.538   15.239  14.1342  13.3075
270        274.543979 -12.188732  95.3236   15.705   15.242  14.7742  14.5005
70         274.556500 -12.187503  95.3236   15.746   15.255  14.8052  14.4285
879        274.504266 -12.274451  95.3236   16.467   15.256  14.2652  13.5275
1045       274.493681 -12.261502  95.3236   96.022   15.265  14.2512  13.4635
190        274.547884 -12.270592  95.3236   96.022   15.286  14.0092  13.0115
522        274.527405 -12.194363  95.3236   96.022   15.286  13.8152  12.5955
255        274.544870 -12.176289  95.3236   96.022   15.292  15.1462  14.7675
684        274.516714 -12.251792  95.3236   16.688   15.295  14.3962  13.6525
539        274.526745 -12.188363  95.3236   96.022   15.314  13.9992  12.9725
380        274.536355 -12.242455  95.3236   96.022   15.316  13.6872  12.0915
1303       274.467905 -12.265409  95.3236   15.638   15.317  15.0312  14.8795
273        274.543334 -12.225100  95.3236   15.756   15.317  14.9042  14.8435
990        274.497611 -12.247808  95.3236   15.763   15.334  14.9852  14.8865
790        274.510345 -12.256696  95.3236   15.981    15.34  14.7932  14.4215
1079       274.491671 -12.240427  95.3236   16.048   15.353  14.8212  14.4155
600        274.521425 -12.280113  95.3236   96.022   15.359  14.1002  13.1245
215        274.546621 -12.222198  95.3236   16.438   15.367  14.4222  13.6905
1431       274.441144 -12.268150  95.3236   15.916   15.372  14.8702  14.7725
47         274.557025 -12.264996  95.3236   16.527   15.374  14.3222  13.5665
819        274.509012 -12.217471  95.3236   96.022   15.379  14.3882  13.6775
692        274.516516 -12.239158  95.3236   96.022   15.384  15.0032  14.6245
189        274.549243 -12.169134  95.3236   15.981   15.395  14.8182  14.3795
828        274.508104 -12.252289  95.3236   16.242   15.398  14.8002  14.3835
458        274.530985 -12.248812  95.3236   16.152   15.402  14.6012  13.9065
969        274.499126 -12.259507  95.3236   96.022    15.41  14.2712  13.4175
949        274.500426 -12.266405  95.3236     15.9   15.412  15.0852  14.8125
747        274.513311 -12.199744  95.3236   16.173   15.427  14.7342  14.1885
1077       274.492030 -12.219424  95.3236    15.76    15.43  15.0212  14.7095
1434       274.441501 -12.206644  95.3236   16.035    15.43  15.0012  14.7135
367        274.537870 -12.189915  95.3236   16.483   15.435  14.5612  13.8695
146        274.552054 -12.187503  95.3236   16.471   15.444  14.5262  13.8365
714        274.514465 -12.260451  95.3236   96.022   15.446  15.1892  14.8415
1082       274.492007 -12.204711  95.3236   96.022   15.451  14.1182  13.0525
219        274.547001 -12.177460  95.3236   96.022   15.473  14.5512  13.8555
1008       274.496186 -12.272975  95.3236   16.225   15.475  14.8762  14.3865
297        274.541585 -12.227484  95.3236   15.946   15.475  15.0612  14.8375
382        274.536057 -12.260245  95.3236   16.053   15.476  14.9612  14.5985
21         274.559640 -12.228607  95.3236   96.022   15.492  14.4342  13.6125
593        274.522978 -12.221865  95.3236   96.022   15.498  14.4992  13.7525
327        274.539862 -12.213144  95.3236   15.984   15.501  15.0242  14.7745
196        274.548277 -12.190182  95.3236   96.022   15.515  14.4542  13.6195
498        274.528559 -12.213816  95.3236   16.017   15.516  15.1372  14.9365
64         274.556526 -12.205626  95.3236   96.022   15.524  14.2802  13.3085
1366       274.454510 -12.279803  95.3236   16.135   15.533  15.1832  15.0655
711        274.515204 -12.234011  95.3236   96.022   15.539  14.6012  13.9635
1361       274.456155 -12.258299  95.3236   15.996   15.547  15.1502  14.8865
872        274.505113 -12.274221  95.3236   96.022   15.553  14.1202  12.9515
958        274.500209 -12.229563  95.3236   16.309   15.558  14.9032  14.4295
374        274.536601 -12.258545  95.3236    16.31    15.57  14.9862  14.6985
261        274.544073 -12.214929  95.3236   16.223   15.577  15.2192  14.9995
1145       274.486637 -12.256065  95.3236   16.125   15.584  15.1892  14.9485
310        274.540290 -12.276100  95.3236   96.022   15.587  14.5332  13.7455
911        274.503149 -12.243081  95.3236   96.022   15.591  14.6082  13.9225
592        274.522461 -12.266912  95.3236   96.022   15.592  14.7842  14.1645
501        274.527920 -12.228140  95.3236   96.022   15.596  14.6182  13.9185
1200       274.480989 -12.276783  95.3236   96.022   15.612  14.5362  13.6955
1236       274.476909 -12.274307  95.3236   16.675   15.617  14.9062  14.2935
447        274.532474 -12.174949  95.3236   96.022   15.623  14.6262  13.8575
899        274.503447 -12.256483  95.3236   16.387   15.628  14.9952  14.5405
735        274.513919 -12.214477  95.3236   96.022   15.629  14.8092  14.2355
1083       274.491245 -12.257079  95.3236   16.202    15.63  15.2442  15.0985
1088       274.491204 -12.222294  95.3236   96.022   15.633  14.6852  13.9625
487        274.529020 -12.240289  95.3236   96.022   15.643  14.8102  14.0425
775        274.511287 -12.257486  95.3236   96.022    15.65  14.7172  13.9755
401        274.534817 -12.254865  95.3236   96.022   15.657  14.6582  13.9175
402        274.535129 -12.230555  95.3236   16.342   15.667  15.1792  14.8985
342        274.539363 -12.198177  95.3236   16.786   15.668  14.6652  13.9095
1388       274.450212 -12.227187  95.3236   16.408   15.679  15.2032  14.9025
471        274.531129 -12.177812  95.3236   96.022   15.685  14.2602  13.0725
14         274.559763 -12.252582  95.3236   16.477   15.696  15.0162  14.4365
91         274.554528 -12.241478  95.3236   96.022   15.696  14.7802  14.0565
1023       274.495029 -12.276947  95.3236   16.535   15.697  15.0492  14.5155
114        274.553881 -12.189911  95.3236   96.022   15.699  14.4832  13.5705
343        274.539274 -12.204025  95.3236   96.022     15.7  14.3142  13.2095
905        274.504353 -12.171377  95.3236   16.397   15.704  15.2222  14.9375
183        274.549137 -12.196633  95.3236   96.022   15.713  14.8262  14.2595
90         274.554751 -12.225648  95.3236   16.258   15.715  15.2652  14.9685
426        274.532944 -12.236592  95.3236   96.022   15.718  14.3052  13.1705
787        274.510145 -12.278631  95.3236   96.022   15.721  14.3912  13.4635
807        274.509819 -12.237322  95.3236   96.022   15.722  14.6742  13.9335
1059       274.493223 -12.239508  95.3236   96.022   15.729  14.6892  13.8845
1140       274.487883 -12.189908  95.3236   96.022   15.729  14.7772  14.0625
144        274.552057 -12.192476  95.3236   16.267    15.73  15.1472  14.7135
1006       274.496268 -12.274259  95.3236   96.022   15.731  14.6822  14.0375
889        274.504309 -12.223638  95.3236   16.272   15.732  15.1732  14.7225
1019       274.496659 -12.198266  95.3236   96.022   15.734  14.5912  13.7335
138        274.551762 -12.243702  95.3236   96.022   15.743  13.5992  11.5105
398        274.535256 -12.236169  95.3236   96.022   15.744  14.7322  14.0275
1069       274.491906 -12.272047  95.3236   15.776   15.746  15.2862  14.8855
491        274.528440 -12.272735  95.3236   16.156   15.749  15.2632  15.0675
1252       274.474778 -12.253898  95.3236   16.258   15.753  15.3992  15.1475
655        274.518483 -12.269138  95.3236   16.145   15.756  15.3132  15.0765
8          274.560305 -12.222236  95.3236   16.166   15.763  15.4012  15.1775
903        274.503411 -12.246368  95.3236   16.488   15.765  15.0452  14.5565
757        274.512731 -12.221506  95.3236   96.022    15.78  15.6362  15.1495
81         274.555844 -12.181200  95.3236   96.022   15.783  14.6942  13.8855
257        274.544120 -12.226113  95.3236   16.374   15.794  15.2212  14.8205
122        274.553457 -12.190809  95.3236     16.3   15.799  15.2332  14.8055
444        274.531287 -12.284569  95.3236   96.022   15.802  14.0912  12.4815
1141       274.488155 -12.168707  95.3236   16.455   15.807  15.2062  14.6905
1105       274.489904 -12.228582  95.3236    16.38   15.812  15.4492  15.2325
95         274.554069 -12.265939  95.3236   96.022   15.813  14.4852  13.4425
724        274.513972 -12.257691  95.3236   96.022   15.814  15.2582  14.7915
947        274.501442 -12.204451  95.3236   96.022   15.818  14.7202  13.9225
1280       274.472094 -12.218300  95.3236   96.022   15.822  15.0822  14.5185
457        274.531682 -12.197901  95.3236   96.022   15.833  14.5482  13.5705
282        274.542914 -12.219980  95.3236   96.022   15.835  15.0632  14.4845
645        274.520075 -12.196350  95.3236   16.266   15.842  15.4612  15.3065
943        274.501472 -12.215567  95.3236   96.022   15.845  14.8882  14.1885
611        274.520801 -12.284760  95.3236   96.022   15.855  15.1132  14.5315
1005       274.496461 -12.265012  95.3236   96.022   15.861  14.5322  13.4315
1227       274.478475 -12.269264  95.3236   16.416   15.861  15.4152  15.1445
1410       274.444808 -12.277598  95.3236   16.276   15.863  15.3112  15.0495
154        274.550578 -12.228046  95.3236   96.022   15.863  15.1222  14.5685
635        274.519757 -12.257293  95.3236   96.022   15.863  15.0142  14.2995
1137       274.487589 -12.224483  95.3236   96.022   15.865  14.6592  13.7355
28         274.559072 -12.220082  95.3236   16.357   15.865  15.5172  15.2185
1204       274.481253 -12.224374  95.3236   16.615   15.871  14.9982  14.2525
797        274.509657 -12.280249  95.3236   96.022   15.896  14.8812  14.1035
885        274.505108 -12.194768  95.3236    16.55   15.896  15.5002  15.3065
854        274.507057 -12.229294  95.3236   16.557   15.898  15.1802  14.7045
392        274.535674 -12.231783  95.3236    16.29   15.901  15.8052  15.4875
850        274.506718 -12.265141  95.3236   96.022   15.902  14.8792  14.0415
1155       274.485484 -12.276400  95.3236   96.022   15.906  15.0622  14.2485
49         274.558064 -12.175378  95.3236   96.022   15.906  14.8062  13.9545
271        274.543609 -12.209892  95.3236   96.022   15.907  13.2452  10.7225
615        274.521981 -12.185148  95.3236   16.464   15.913  15.2692  15.0155
424        274.532832 -12.260181  95.3236   16.323   15.914  15.5492  15.2985
197        274.547357 -12.248621  95.3236   16.363   15.916  15.4602  15.2205
989        274.498106 -12.224232  95.3236   96.022   15.916  14.9672  14.2565
570        274.524581 -12.190455  95.3236   96.022   15.925  14.5892  13.5115
351        274.538354 -12.231792  95.3236   16.781   15.928  15.2012  14.7265
814        274.509973 -12.189427  95.3236   16.409   15.928  15.2662  14.7425
1408       274.446040 -12.242510  95.3236   96.022    15.93  15.4612  15.2055
175        274.549015 -12.239565  95.3236   96.022   15.932  15.0052  14.2985
779        274.511587 -12.214258  95.3236   16.477   15.933  15.5452  15.2915
488        274.528733 -12.258783  95.3236   96.022   15.943  14.8662  14.1335
1334       274.461621 -12.238843  95.3236   16.591   15.945  15.4822  15.1115
1414       274.445294 -12.182430  95.3236   96.022   15.953  15.1082  14.4575
1187       274.483804 -12.215251  95.3236   96.022   15.956  14.8802  13.9875
230        274.546535 -12.186795  95.3236   96.022    15.96  14.9362  14.1745
922        274.502670 -12.240876  95.3236   96.022   15.961  14.4272  13.0215
490        274.529756 -12.177284  95.3236   96.022   15.963  14.9752  14.2385
1048       274.493630 -12.245471  95.3236   96.022    15.97  15.0212  14.3255
338        274.538548 -12.280435  95.3236   96.022    15.97  15.0432  14.3745
751        274.512827 -12.224737  95.3236   96.022    15.97  15.3532  14.8685
784        274.511184 -12.220345  95.3236   96.022   15.973  14.9282  14.2175
258        274.543699 -12.253194  95.3236   96.022   15.978  15.0092  14.2145
907        274.504289 -12.169093  95.3236   96.022    15.98  15.2222  14.6895
234        274.545528 -12.234826  95.3236   96.022   15.983  15.0492  14.3895
981        274.499320 -12.169350  95.3236   96.022   15.984  14.8152  13.9125
576        274.523201 -12.275948  95.3236   96.022   15.985  14.9092  14.0695
1364       274.456007 -12.237366  95.3236   96.022   15.992  15.5652  15.2935
171        274.550428 -12.169449  95.3236   96.022    16.01  14.9302  14.1755
920        274.503006 -12.219764  95.3236   96.022    16.01  14.8602  14.0215
974        274.499400 -12.215568  95.3236   96.022   16.011  15.2242  14.6695
629        274.520189 -12.249974  95.3236   96.022   16.014  14.9662  14.0425
1269       274.474087 -12.182062  95.3236   16.683   16.034  15.4432  15.0855
395        274.534954 -12.278766  95.3236   96.022   16.034  15.0242  13.9915
224        274.546081 -12.244535  95.3236   96.022   16.039  15.3002  14.8095
575        274.524645 -12.170356  95.3236   96.022   16.042  15.6072  15.4245
607        274.522024 -12.210742  95.3236   16.578   16.049  15.5272  15.0725
965        274.499235 -12.264491  95.3236   96.022   16.049  15.1842  14.5305
1115       274.488625 -12.277509  95.3236   96.022   16.051  15.3792  14.7785
331        274.538768 -12.285032  95.3236   96.022   16.051  14.7342  98.2045
1218       274.480196 -12.193909  95.3236   96.022   16.054  14.7902  13.8225
927        274.501976 -12.262712  95.3236   96.022   16.058  15.0052  14.2365
241        274.545643 -12.184336  95.3236   96.022   16.066  15.6882  15.6615
19         274.560021 -12.206629  95.3236   96.022   16.068  15.0472  14.2625
754        274.512408 -12.249444  95.3236   96.022   16.069  15.1662  14.5335
782        274.511971 -12.170836  95.3236   96.022   16.069  14.6492  13.3705
946        274.501430 -12.209434  95.3236   96.022   16.069  15.0082  14.2005
355        274.538718 -12.184551  95.3236   96.022   16.075  15.0632  14.2835
729        274.514067 -12.229525  95.3236   96.022    16.08  15.2082  14.5605
973        274.498534 -12.280740  95.3236   96.022   16.082  15.2052  14.4305
601        274.522836 -12.173730  95.3236   96.022   16.086  14.9132  13.9975
112        274.553124 -12.254060  95.3236   96.022   16.087  15.0122  14.1555
235        274.545773 -12.215211  95.3236   96.022   16.096  15.4822  15.0165
998        274.497656 -12.209561  95.3236   96.022   16.097  15.3212  14.7185
58         274.556348 -12.246027  95.3236   96.022   16.104  15.1642  14.4085
24         274.559800 -12.186736  95.3236   96.022   16.109  15.4672  14.9045
514        274.527492 -12.204708  95.3236   96.022   16.109  15.0702  14.2385
1289       274.470409 -12.243827  95.3236   96.022    16.11  15.6472  15.4875
697        274.516916 -12.183853  95.3236   96.022   16.114  15.1772  14.4095
1015       274.496301 -12.239486  95.3236   96.022   16.117  15.4552  15.0015
792        274.511029 -12.201936  95.3236   96.022   16.118  15.5212  15.0555
87         274.554152 -12.275682  95.3236   96.022    16.12  15.4522  15.0205
409        274.534497 -12.224204  95.3236   96.022   16.121  14.7262  13.5395
691        274.516965 -12.208937  95.3236   96.022   16.121  15.4482  14.9365
131        274.553252 -12.169659  95.3236   96.022   16.132  14.7212  13.5325
272        274.542820 -12.263644  95.3236   96.022   16.135  15.4672  14.9475
549        274.526152 -12.180162  95.3236   96.022   16.136  15.1052  14.3315
450        274.531203 -12.265777  95.3236   96.022   16.142  15.5802  15.1575
704        274.515037 -12.277151  95.3236   96.022   16.146  14.8512  13.8495
722        274.514631 -12.223620  95.3236   16.274    16.15  15.6982  15.3675
182        274.548463 -12.250619  95.3236   96.022   16.151  15.1742  14.4825
942        274.501015 -12.262374  95.3236   96.022   16.154  15.2922  14.5965
203        274.547731 -12.187884  95.3236   96.022   16.155  15.2602  14.5295
334        274.539815 -12.200757  95.3236   96.022   16.155  15.2082  14.4305
198        274.547116 -12.264575  95.3236   16.656   16.159  15.6152  15.1585
737        274.514290 -12.172336  95.3236   96.022   16.159  15.2392  14.3865
1394       274.449608 -12.225423  95.3236   96.022   16.167  15.5292  15.1825
61         274.557210 -12.178868  95.3236   96.022   16.172  15.5282  15.1175
1167       274.484988 -12.230148  95.3236   96.022    16.18  15.4202  14.7805
172        274.550376 -12.171171  95.3236   16.744   16.187  15.5912  15.0845
252        274.545015 -12.173007  95.3236   96.022   16.188  15.4032  14.7945
554        274.524743 -12.262026  95.3236   96.022   16.193  15.6852  15.2055
155        274.549976 -12.263849  95.3236   96.022   16.196  15.2742  14.6335
1432       274.442184 -12.174851  95.3236   16.656   16.197  15.6812  15.3785
897        274.503235 -12.275962  95.3236   96.022   16.197  15.6092  15.1255
988        274.497861 -12.245706  95.3236   96.022   16.199  15.6652  15.3255
736        274.513850 -12.205592  95.3236   96.022     16.2  15.1302  14.3565
1171       274.485113 -12.196639  95.3236   96.022   16.203  15.0112  14.0535
220        274.545882 -12.260396  95.3236   96.022   16.207  15.4372  14.9115
580        274.523236 -12.256472  95.3236   96.022   16.209  15.2452  14.5345
43         274.557878 -12.222775  95.3236   96.022   16.226  15.3672  14.7045
370        274.537210 -12.222798  95.3236   96.022   16.229  15.6102  15.1795
1104       274.490400 -12.197601  95.3236   96.022   16.236  15.5522  14.9875
1134       274.488101 -12.193165  95.3236   96.022   16.239  14.7882  13.6165
1159       274.486014 -12.203627  95.3236   96.022   16.244  15.5462  15.0575
588        274.523853 -12.187137  95.3236   96.022   16.247  15.5332  15.0165
186        274.548851 -12.213252  95.3236   96.022    16.25  14.8852  13.7695
1354       274.459413 -12.213418  95.3236   96.022   16.252  15.6962  15.3465
1144       274.487408 -12.206896  95.3236   96.022   16.254  15.7162  15.2845
397        274.535109 -12.253247  95.3236   96.022   16.255  15.2172  14.4395
1239       274.476663 -12.273188  95.3236   96.022    16.26  13.8792  11.6595
129        274.552652 -12.226205  95.3236   16.681    16.26  15.8842  15.5045
687        274.516935 -12.228548  95.3236   96.022   16.264  15.4402  14.7955
218        274.546199 -12.242880  95.3236   96.022   16.269  15.8152  15.4355
994        274.496967 -12.274193  95.3236   96.022   16.271  15.2692  14.5255
479        274.529520 -12.229992  95.3236   96.022   16.272  15.4022  14.8165
1329       274.462149 -12.275251  95.3236   96.022   16.276  15.5892  15.0785
41         274.557667 -12.249265  95.3236   96.022   16.282  15.6292  15.0895
530        274.526036 -12.261903  95.3236   96.022   16.283  15.3582  14.6355
1383       274.450759 -12.268940  95.3236   96.022   16.285  15.6732  15.3215
404        274.535575 -12.182116  95.3236   96.022   16.287  15.6902  15.1835
453        274.531594 -12.220536  95.3236   96.022   16.291  15.3712  14.7035
162        274.550360 -12.206785  95.3236   96.022   16.296  15.2002  14.3735
350        274.538838 -12.195857  95.3236   96.022   16.296  15.4862  14.8485
823        274.508761 -12.225344  95.3236   96.022   16.298  15.7072  15.3575
417        274.533911 -12.231633  95.3236   96.022   16.301  15.5812  15.0655
69         274.556412 -12.204661  95.3236   96.022   16.306  15.5132  14.9875
1248       274.476419 -12.193049  95.3236   96.022   16.307  14.8772  13.7685
1247       274.475359 -12.282248  95.3236   96.022   16.308  15.5572  14.9445
550        274.526208 -12.173866  95.3236   96.022   16.318  15.7872  15.2925
1430       274.441674 -12.231679  95.3236   96.022   16.319  15.5212  14.8205
523        274.527499 -12.187122  95.3236   96.022   16.324  14.9132  13.7335
658        274.518417 -12.262495  95.3236   96.022   16.324  15.2302  14.3885
202        274.547748 -12.196093  95.3236   96.022   16.327  14.3762  12.5235
51         274.556559 -12.269605  95.3236   96.022   16.339  15.6882  15.1395
915        274.502449 -12.280729  95.3236   96.022   16.343  15.2572  14.4385
394        274.536059 -12.199748  95.3236   96.022   16.345  15.7532  15.2795
710        274.514813 -12.269220  95.3236   96.022   16.362  15.2232  14.4045
553        274.525536 -12.207382  95.3236   96.022   16.364  15.6372  15.1585
128        274.553346 -12.175482  95.3236   96.022   16.369  15.8522  15.3835
1002       274.497500 -12.200684  95.3236   96.022   16.371  15.4042  14.6605
139        274.551712 -12.231097  95.3236   96.022   16.372  15.0172  13.9655
945        274.501392 -12.212935  95.3236   96.022   16.372  15.5372  14.7025
245        274.545316 -12.192980  95.3236   96.022   16.373  15.7272  15.1895
80         274.555474 -12.212454  95.3236   96.022   16.373  16.0402  15.7485
799        274.510465 -12.209510  95.3236   96.022   16.374  15.4312  14.5725
518        274.527892 -12.170905  95.3236   96.022   16.378  15.6632  15.0785
840        274.507604 -12.253704  95.3236   96.022   16.379  15.6612  15.0625
1214       274.480166 -12.225250  95.3236   96.022   16.386  15.7542  15.4615
176        274.548978 -12.234635  95.3236   96.022    16.39  15.5362  14.7615
980        274.498865 -12.230087  95.3236   96.022    16.39  15.2482  14.4905
30         274.559144 -12.202872  95.3236   96.022   16.392  15.7802  15.2895
476        274.529438 -12.249338  95.3236   96.022   16.393  15.1822  14.3065
1265       274.473114 -12.273864  95.3236   96.022   16.398  15.8532  15.4175
480        274.529080 -12.251182  95.3236   96.022   16.399  15.6762  15.1065
831        274.507959 -12.257879  95.3236   96.022   16.399  15.2272  14.4305
695        274.516522 -12.233477  95.3236   96.022   16.401  15.9302  15.6505
676        274.517967 -12.205013  95.3236   96.022   16.403  15.8752  15.5485
756        274.512653 -12.227431  95.3236   96.022   16.406  15.4172  14.7385
266        274.544425 -12.173084  95.3236   96.022   16.409  15.4022  14.7535
1426       274.443335 -12.175971  95.3236   96.022   16.411  15.8432  15.4605
829        274.508582 -12.215701  95.3236   96.022   16.413  14.9722  13.8805
649        274.519605 -12.207951  95.3236   96.022   16.418  15.5282  14.7745
1066       274.492704 -12.231873  95.3236   96.022   16.422  15.8122  15.3295
1164       274.485221 -12.236583  95.3236   96.022   16.422  15.7612  15.2965
1142       274.486842 -12.264948  95.3236   96.022   16.424  15.0782  13.8365
497        274.528554 -12.215766  95.3236   96.022   16.429  15.3422  14.5775
622        274.521508 -12.182909  95.3236   96.022   16.429  15.2502  14.3135
209        274.547348 -12.191845  95.3236   96.022   16.433  15.3612  14.5365
1038       274.494528 -12.234633  95.3236   96.022   16.436  16.0942  15.7435
639        274.520278 -12.207730  95.3236   96.022   16.436  15.8742  98.2045
316        274.540017 -12.263828  95.3236   96.022    16.44  15.4762  14.6995
221        274.546535 -12.211463  95.3236   96.022   16.445  15.8602  15.3555
1371       274.454148 -12.214504  95.3236   96.022   16.448  15.8652  15.5215
328        274.540461 -12.168307  95.3236   96.022   16.449  15.8462  15.3905
1384       274.451003 -12.250130  95.3236   96.022    16.45  16.0172  15.7455
187        274.548053 -12.260301  95.3236   96.022    16.45  15.2942  14.4435
463        274.530372 -12.263393  95.3236   96.022   16.452  15.7802  15.2525
966        274.499642 -12.231611  95.3236   96.022   16.452  15.5902  14.8775
1031       274.495594 -12.193850  95.3236   96.022   16.453  15.3392  14.4815
29         274.558359 -12.264237  95.3236   96.022   16.453  15.1422  14.1595
528        274.526136 -12.258728  95.3236   96.022   16.453  15.8842  15.4295
319        274.540642 -12.198688  95.3236   96.022   16.454  15.5472  14.7875
795        274.509980 -12.261842  95.3236   96.022   16.457  15.7852  15.2705
1161       274.485145 -12.257205  95.3236   96.022   16.459  15.9462  15.6905
421        274.533320 -12.239636  95.3236   96.022   16.459  15.9412  15.4205
464        274.531336 -12.188991  95.3236   96.022   16.459  15.8812  15.6255
472        274.530263 -12.224947  95.3236   96.022   16.459  15.9692  15.7055
780        274.511915 -12.185634  95.3236   96.022   16.459  15.9702  15.6945
1185       274.483504 -12.239816  95.3236   96.022   16.462  14.5942  12.6365
856        274.507340 -12.180470  95.3236   96.022   16.463  15.2202  14.2305
485        274.528565 -12.277040  95.3236   96.022   16.466  15.3952  14.5975
1017       274.495527 -12.283461  95.3236   96.022   16.472  15.1002  14.0825
720        274.514022 -12.280367  95.3236   96.022   16.474  15.7042  15.0545
986        274.498663 -12.205337  95.3236   96.022   16.475  15.8382  15.2065
587        274.523410 -12.220678  95.3236   96.022   16.482  15.3602  14.4925
535        274.525668 -12.274070  95.3236   96.022   16.486  16.0592  15.5605
948        274.501248 -12.213226  95.3236   96.022   16.487  15.9472  98.2045
1293       274.469913 -12.230071  95.3236   96.022   16.489  16.0542  15.7475
531        274.526686 -12.207493  95.3236   96.022   16.491  15.8272  15.2865
1098       274.490627 -12.206480  95.3236   96.022   16.494  14.9032  13.6165
1007       274.497537 -12.178595  95.3236   96.022   16.497  15.3212  14.3505
584        274.523162 -12.253866  95.3236   96.022   16.497  15.8002  15.2235
31         274.558748 -12.228880  95.3236   96.022   16.498  15.9042  15.4605
1375       274.452970 -12.269294  95.3236   96.022   16.503  15.9532  15.5215
1035       274.494811 -12.232351  95.3236   96.022   16.505  15.7342  15.1715
452        274.532264 -12.172855  95.3236   96.022   16.505  15.3682  14.5505
1032       274.494545 -12.267533  95.3236   96.022   16.506  15.1402  14.0965
788        274.510709 -12.236023  95.3236   96.022   16.509  15.0322  13.7265
540        274.526390 -12.209640  95.3236   96.022   16.511  15.8952  15.3865
115        274.553421 -12.217445  95.3236   96.022   16.512  15.5782  14.7365
657        274.519097 -12.216751  95.3236   96.022   16.512  16.0492  98.2045
1024       274.495442 -12.241129  95.3236   96.022   16.516  15.3342  14.5305
311        274.541205 -12.206171  95.3236   96.022   16.518  15.8712  15.4825
842        274.508502 -12.183854  95.3236   96.022   16.518  15.6932  15.1085
955        274.500606 -12.208938  95.3236   96.022   16.518  15.4282  14.4925
48         274.557901 -12.188558  95.3236   96.022   16.523  15.4942  14.6505
1070       274.492453 -12.224951  95.3236   96.022   16.524  15.8532  15.3815
1336       274.461862 -12.208939  95.3236   96.022   16.524  15.8312  15.2625
1182       274.484195 -12.203846  95.3236   96.022   16.526  15.8532  15.3135
1272       274.472739 -12.238204  95.3236   96.022   16.528  15.8802  15.5485
1423       274.443477 -12.197076  95.3236   96.022   16.531  15.9942  15.7245
461        274.531241 -12.210689  95.3236   96.022   16.536  15.4932  14.8045
1037       274.494436 -12.243058  95.3236   96.022   16.538  15.5872  14.7585
251        274.544577 -12.212689  95.3236   96.022   16.538  15.7812  15.1785
291        274.541825 -12.245733  95.3236   96.022   16.547  15.7202  15.1165
168        274.550494 -12.183706  95.3236   96.022    16.55  16.0192  15.5565
428        274.533243 -12.205596  95.3236   96.022   16.553  15.8612  15.4565
67         274.555780 -12.257093  95.3236   96.022   16.553  15.9722  15.4825
1188       274.483122 -12.251788  95.3236   96.022   16.554  16.0612  15.7925
126        274.553414 -12.171900  95.3236   96.022   16.554  16.0402  15.5565
642        274.519637 -12.231615  95.3236   96.022   16.554  15.7022  15.0055
107        274.554100 -12.196690  95.3236   96.022   16.556  16.1822  15.6945
495        274.528840 -12.217331  95.3236   96.022   16.558  16.0332  15.6365
74         274.555893 -12.214783  95.3236   96.022   16.558  15.4062  14.6005
1350       274.458876 -12.275521  95.3236   96.022   16.559  16.1012  15.7525
1056       274.493455 -12.228674  95.3236   96.022   16.563  16.0182  15.5585
1060       274.493647 -12.203633  95.3236   96.022   16.569  15.1172  14.0625
412        274.534661 -12.202211  95.3236   96.022   16.569  15.8762  15.1345
62         274.556588 -12.218656  95.3236   96.022   16.571  15.3532  14.4505
562        274.524099 -12.270797  95.3236   96.022   16.574  15.5052  14.5615
852        274.507281 -12.217548  95.3236   96.022   16.575  15.9432  15.4805
157        274.550879 -12.182360  95.3236   96.022   16.577  16.0082  15.6415
618        274.520641 -12.269964  95.3236   96.022    16.58  15.9942  15.5025
595        274.522162 -12.264760  95.3236   96.022   16.581  15.5612  14.8565
632        274.521024 -12.177340  95.3236   96.022   16.581  16.0902  15.7825
260        274.543851 -12.232592  95.3236   96.022   16.582  16.1162  15.7875
1118       274.488715 -12.254866  95.3236   96.022   16.588  15.4492  14.6575
1067       274.492915 -12.212019  95.3236   96.022   16.597  16.0302  15.5335
15         274.559553 -12.264706  95.3236   96.022     16.6  15.6192  14.7005
1127       274.488372 -12.213818  95.3236   96.022   16.602  15.4932  14.7095
493        274.529441 -12.183703  95.3236   96.022   16.602  15.0062  13.5985
855        274.507105 -12.224704  95.3236   96.022   16.603  15.5712  14.7635
930        274.501996 -12.249432  95.3236   96.022   16.614  15.2962  14.3725
147        274.551206 -12.242448  95.3236   96.022    16.62  15.8992  15.2605
1305       274.467785 -12.238782  95.3236   96.022   16.626  15.8322  15.2155
1337       274.461308 -12.224884  95.3236   96.022   16.631  16.0442  15.6295
597        274.522649 -12.216946  95.3236   96.022   16.631  15.5882  14.8235
410        274.533765 -12.276114  95.3236   96.022   16.641  15.6412  14.8255
591        274.522967 -12.231268  95.3236   96.022   16.649  15.8852  15.4105
515        274.527858 -12.175864  95.3236   96.022   16.651  15.3012  13.2695
1198       274.482412 -12.221273  95.3236   96.022   16.652  15.1422  13.8665
926        274.502666 -12.214070  95.3236   96.022   16.657  16.2502  15.5045
936        274.501497 -12.264209  95.3236   96.022   16.657  15.7712  15.1235
888        274.504680 -12.201467  95.3236   96.022   16.658  15.3802  14.2685
406        274.534662 -12.221210  95.3236   96.022   16.662  16.1192  15.6425
1292       274.470839 -12.173789  95.3236   96.022   16.669  16.0752  15.6045
137        274.551413 -12.271758  95.3236   96.022   16.676  15.4872  14.5375
672        274.517942 -12.220321  95.3236   96.022   16.677  15.4072  14.5855
1003       274.496588 -12.261355  95.3236   96.022   16.679  15.3202  14.3315
1103       274.489856 -12.245579  95.3236   96.022   16.683  15.7582  14.9055
178        274.548961 -12.225263  95.3236   96.022   16.687  15.6032  14.7925
400        274.535603 -12.197844  95.3236   96.022   16.687  15.4552  14.5905
512        274.526830 -12.260195  95.3236   96.022    16.69  16.0762  15.6545
950        274.501336 -12.199047  95.3236   96.022    16.69  15.5142  14.6435
101        274.553699 -12.250602  95.3236   96.022   16.691  15.9082  15.3075
1096       274.491013 -12.179250  95.3236   96.022   16.691  16.0582  15.8125
312        274.541387 -12.169856  95.3236   96.022   16.693  15.9802  15.5375
671        274.517934 -12.227176  95.3236   96.022   16.697  15.4962  14.8315
803        274.509974 -12.233513  95.3236   96.022   16.697  16.1162  15.6015
590        274.523183 -12.215399  95.3236   96.022   16.698  16.2442  15.7095
1194       274.482152 -12.277382  95.3236   96.022   16.699  15.9522  15.3005
891        274.503423 -12.278853  95.3236   96.022   16.705  15.9422  15.2785
1110       274.489683 -12.224217  95.3236   96.022   16.706  15.6632  14.8335
109        274.554202 -12.178959  95.3236   96.022   16.707  15.9262  15.3435
919        274.502573 -12.259560  95.3236   96.022   16.714  15.9332  15.4305
413        274.533964 -12.251091  95.3236   96.022    16.72  15.8632  15.1975
1160       274.486334 -12.175324  95.3236   96.022   16.724  15.3742  14.3945
179        274.548646 -12.245124  95.3236   96.022   16.733  16.2232  15.7155
1128       274.488275 -12.216284  95.3236   96.022   16.734  16.0732  15.5115
1020       274.496555 -12.193166  95.3236   96.022   16.735  15.6972  14.9735
509        274.527336 -12.230397  95.3236   96.022   16.736  16.2372  15.8865
598        274.521820 -12.272668  95.3236   96.022   16.739  15.6622  14.7825
890        274.504542 -12.203503  95.3236   96.022   16.742  16.0172  15.4455
167        274.550445 -12.188701  95.3236   96.022   16.744  16.1642  15.6485
164        274.550544 -12.190927  95.3236   96.022   16.748  16.3162  15.9575
532        274.526072 -12.251679  95.3236   96.022   16.753  15.0982  13.8225
269        274.544218 -12.170963  95.3236   96.022   16.756  15.3412  14.2725
163        274.549951 -12.237333  95.3236   96.022   16.761  16.0322  15.4695
1209       274.480616 -12.226941  95.3236   96.022   16.762  15.8622  15.2275
304        274.541229 -12.234300  95.3236   96.022   16.768  15.8332  15.1195
71         274.556591 -12.177811  95.3236   96.022   16.777  16.4212  98.2045
791        274.510699 -12.227146  95.3236   96.022   16.777  15.6272  14.9075
432        274.532118 -12.259096  95.3236   96.022   16.781  15.7432  14.8575
876        274.506063 -12.178498  95.3236   96.022   16.789  15.6852  14.8025
161        274.549466 -12.277519  95.3236   96.022    16.79  16.4662  16.0745
972        274.499720 -12.197685  95.3236   96.022   16.793  16.4322  16.0505
336        274.539697 -12.206786  95.3236   96.022   16.799  15.8582  15.2185
1300       274.468688 -12.253697  95.3236   96.022   16.803  16.2922  15.9055
229        274.546756 -12.171585  95.3236   96.022   16.809  15.7452  14.9795
503        274.527791 -12.221676  95.3236   96.022   16.817  16.1992  15.6465
582        274.524263 -12.176170  95.3236   96.022   16.817  15.7172  14.8295
708        274.515535 -12.224591  95.3236   96.022   16.827  16.2852  15.9085
152        274.551297 -12.189359  95.3236   96.022   16.834  16.1172  15.6205
1184       274.483681 -12.230992  95.3236   96.022   16.835  15.9352  15.2535
54         274.557454 -12.186514  95.3236   96.022   16.837  16.2922  16.0395
893        274.503685 -12.254435  95.3236   96.022   16.841  15.4262  14.3925
387        274.536958 -12.173454  95.3236   96.022   16.844  16.1112  15.5845
925        274.502984 -12.204100  95.3236   96.022   16.847  16.2282  15.8165
577        274.523883 -12.225270  95.3236   96.022    16.85  15.4242  14.2175
636        274.520656 -12.185993  95.3236   96.022   16.851  16.1612  15.6715
1339       274.461047 -12.236896  95.3236   96.022   16.868  15.9962  15.3485
372        274.537248 -12.218263  95.3236   96.022    16.87  15.8272  15.0515
685        274.516439 -12.271761  95.3236   96.022    16.87  16.2282  15.6705
134        274.551849 -12.255487  95.3236   96.022   16.881  16.4412  16.1475
752        274.512953 -12.215280  95.3236   96.022   16.881  16.0872  15.2565
237        274.545548 -12.210529  95.3236   96.022   16.883  16.2372  15.5635
506        274.528123 -12.183362  95.3236   96.022   16.907  15.6782  14.7735
1256       274.475352 -12.187544  95.3236   96.022   16.924  16.1512  15.5485
418        274.534710 -12.171790  95.3236   96.022   16.943  16.2152  15.5745
900        274.503688 -12.230776  95.3236   96.022   16.959  16.0992  15.3835
1093       274.490731 -12.204465  95.3236   96.022    16.96  15.9652  15.2615
250        274.544715 -12.219964  95.3236   96.022   16.968  16.3382  15.8475
278        274.543095 -12.230242  95.3236   96.022       17  15.7442  14.9295
564        274.524466 -12.222431  95.3236   96.022   17.023  16.6182  16.2495
373        274.536512 -12.270517  95.3236   96.022   17.034  16.2562  15.6935
492        274.529643 -12.178732  95.3236   96.022   17.049  16.5372  16.2205
120        274.552851 -12.244409  95.3236   96.022    17.05  16.5492  98.2045
294        274.541462 -12.257798  95.3236   96.022   17.059  16.4942  15.8605
586        274.524121 -12.172074  95.3236   96.022     17.1  16.6782  16.5195
725        274.514272 -12.226955  95.3236   96.022   17.102  16.4722  16.1835
217        274.546636 -12.213098  95.3236   96.022   17.111  15.9882  15.1625
253        274.544838 -12.185931  95.3236   96.022   17.111  15.9252  15.2335
616        274.521500 -12.216331  95.3236   96.022   17.168  15.1502  13.2725
140        274.552413 -12.178562  95.3236   96.022   17.249  16.2012  15.5685
214        274.547351 -12.170568  95.3236   96.022   17.255  16.6282  16.3845
1000       274.497765 -12.196478  95.3236   96.022   96.992  16.4762  15.6745
1004       274.496777 -12.247204  95.3236   96.022   96.992  16.2742  15.8295
1009       274.496835 -12.223600  95.3236   96.022   96.992  16.5242  15.9075
1010       274.496411 -12.251444  95.3236   96.022   96.992  16.7312  15.4595
1011       274.497492 -12.167949  95.3236   96.022   96.992  16.6952  15.9985
1014       274.496447 -12.235812  95.3236   96.022   96.992  17.0002  16.6435
1018       274.496910 -12.180827  95.3236   96.022   96.992  16.4522  15.7275
1022       274.495900 -12.227935  95.3236   96.022   96.992  16.5552  16.1115
1026       274.495922 -12.195743  95.3236   96.022   96.992  16.3482  15.4895
1027       274.495197 -12.238531  95.3236   96.022   96.992  16.3012  15.5915
10         274.559467 -12.281404  95.3236   96.022   96.992  15.4822  15.0865
1028       274.495023 -12.250215  95.3236   96.022   96.992  16.2482  15.1935
1029       274.494886 -12.257758  95.3236   96.022   96.992  16.1752  15.4365
1030       274.494545 -12.274705  95.3236   96.022   96.992  16.2462  15.3265
1034       274.495700 -12.174805  95.3236   96.022   96.992  16.4362  15.5835
1036       274.494270 -12.268963  95.3236   96.022   96.992  16.2252  15.4265
1040       274.494817 -12.201904  95.3236   96.022   96.992  16.0842  15.2585
1042       274.494522 -12.221064  95.3236   96.022   96.992  15.5372  13.9405
104        274.553345 -12.264018  95.3236   96.022   96.992  16.3112  15.6835
1046       274.494727 -12.171921  95.3236   96.022   96.992  16.5202  15.5255
1047       274.493824 -12.234803  95.3236   96.022   96.992  16.2512  15.8275
1050       274.493950 -12.214479  95.3236   96.022   96.992  16.7352  15.8535
1051       274.493056 -12.277174  95.3236   96.022   96.992  16.2662  15.5615
1053       274.492989 -12.273206  95.3236   96.022   96.992  16.4292  15.6605
1054       274.493573 -12.226699  95.3236   96.022   96.992  16.5142  15.7135
1055       274.492962 -12.268365  95.3236   96.022   96.992  16.4892  15.8635
1057       274.493127 -12.251305  95.3236   96.022   96.992  16.4162  15.6035
1058       274.494201 -12.170599  95.3236   96.022   96.992  15.7932  14.4785
1062       274.492759 -12.260264  95.3236   96.022   96.992  16.6592  16.2135
106        274.553407 -12.249051  95.3236   96.022   96.992  16.4822  15.7485
1071       274.491772 -12.269871  95.3236   96.022   96.992  15.8372  15.2165
1072       274.492532 -12.212867  95.3236   96.022   96.992  16.2522  15.9025
1074       274.491716 -12.258464  95.3236   96.022   96.992  15.3622  13.9975
1075       274.492492 -12.194843  95.3236   96.022   96.992  16.3862  15.8145
1076       274.492229 -12.209071  95.3236   96.022   96.992  15.7582  14.9985
1078       274.492388 -12.187749  95.3236   96.022   96.992  16.3802  15.4105
1080       274.491594 -12.244442  95.3236   96.022   96.992  15.8222  14.4785
1081       274.491119 -12.279110  95.3236   96.022   96.992  16.3642  15.6675
108        274.554369 -12.173469  95.3236   96.022   96.992  14.9372  11.5315
1084       274.491385 -12.242594  95.3236   96.022   96.992  15.1692  14.3215
1085       274.491807 -12.205681  95.3236   96.022   96.992  16.3612  15.4925
1087       274.491998 -12.169366  95.3236   96.022   96.992  16.1412  15.1405
1089       274.490941 -12.239045  95.3236   96.022   96.992  16.1042  14.8385
1090       274.490958 -12.237078  95.3236   96.022   96.992  16.9572  16.1185
1091       274.491458 -12.184084  95.3236   96.022   96.992  16.2692  15.7255
1092       274.491357 -12.170454  95.3236   96.022   96.992  16.0662  15.0935
1094       274.490749 -12.201180  95.3236   96.022   96.992  16.2662  15.4175
1101       274.490125 -12.238474  95.3236   96.022   96.992  15.7472  14.9785
1106       274.489937 -12.225388  95.3236   96.022   96.992  16.1192  13.4275
1109       274.489664 -12.233206  95.3236   96.022   96.992  15.5572  14.8525
1117       274.488770 -12.251293  95.3236   96.022   96.992  16.3452  15.8225
1122       274.488360 -12.252124  95.3236   96.022   96.992  16.5622  16.0045
1126       274.488369 -12.222979  95.3236   96.022   96.992  16.8252  16.5425
11         274.560501 -12.201952  95.3236   96.022   96.992  16.5322  15.4755
1129       274.487520 -12.270255  95.3236   96.022   96.992  15.7442  15.3585
1131       274.488086 -12.220564  95.3236   96.022   96.992  16.2362  15.4575
1132       274.488454 -12.190470  95.3236   96.022   96.992  15.7122  14.7205
1135       274.486800 -12.284130  95.3236   96.022   96.992  16.0292  15.1245
1139       274.487765 -12.201895  95.3236   96.022   96.992  16.3622  15.8275
1146       274.486379 -12.271925  95.3236   96.022   96.992  14.3042  14.4695
1150       274.486953 -12.207791  95.3236   96.022   96.992  16.0522  15.2275
1151       274.486709 -12.220878  95.3236   96.022   96.992  16.6382  15.6985
1153       274.486640 -12.215178  95.3236   96.022   96.992  15.9642  15.1315
1154       274.485792 -12.258848  95.3236   96.022   96.992  16.4432  15.5005
1157       274.485939 -12.218347  95.3236   96.022   96.992  15.4832  14.5025
1162       274.485542 -12.225438  95.3236   96.022   96.992  15.5082  14.9265
116        274.552806 -12.257077  95.3236   96.022   96.992  15.9132  14.6535
1170       274.485199 -12.204120  95.3236   96.022   96.992  16.3812  15.5065
1172       274.484439 -12.242044  95.3236   96.022   96.992  16.5632  15.8925
117        274.553736 -12.182896  95.3236   96.022   96.992  15.5692  14.9165
1174       274.484212 -12.237698  95.3236   96.022   96.992  15.8312  14.8355
1175       274.484958 -12.182204  95.3236   96.022   96.992  15.6252  14.6485
1179       274.483965 -12.235128  95.3236   96.022   96.992  16.6522  16.1615
1180       274.484512 -12.191178  95.3236   96.022   96.992  15.7362  14.7525
1181       274.484548 -12.179554  95.3236   96.022   96.992  16.6012  15.7815
1189       274.483672 -12.206648  95.3236   96.022   96.992  15.9652  15.1365
1192       274.483673 -12.180025  95.3236   96.022   96.992  16.1002  15.0735
119        274.553207 -12.221832  95.3236   96.022   96.992  15.6622  14.8445
1193       274.482375 -12.274399  95.3236   96.022   96.992  16.5352  15.6255
1195       274.482411 -12.247450  95.3236   96.022   96.992  15.8352  14.8765
1196       274.481894 -12.282712  95.3236   96.022   96.992  15.3212  13.2145
1197       274.482843 -12.209620  95.3236   96.022   96.992  15.8402  15.0555
1199       274.482030 -12.244012  95.3236   96.022   96.992  15.8682  14.6735
1201       274.481006 -12.273861  95.3236   96.022   96.992  16.6282  16.2035
1202       274.481037 -12.254946  95.3236   96.022   96.992  16.4042  15.1995
1203       274.481534 -12.215935  95.3236   96.022   96.992  16.4512  15.1055
1205       274.480829 -12.243127  95.3236   96.022   96.992  15.9672  14.8475
1206       274.480590 -12.251526  95.3236   96.022   96.992  16.1652  15.4505
121        274.552281 -12.282826  95.3236   96.022   96.992  16.3892  15.8035
1213       274.479947 -12.258852  95.3236   96.022   96.992  16.2752  15.2695
1216       274.480197 -12.219279  95.3236   96.022   96.992  15.8772  15.0015
1223       274.479759 -12.190301  95.3236   96.022   96.992  15.8162  13.6445
1225       274.479494 -12.206205  95.3236   96.022   96.992  16.5122  15.6765
1228       274.479331 -12.198014  95.3236   96.022   96.992  16.7292  15.7835
1233       274.478767 -12.191276  95.3236   96.022   96.992  15.9952  14.7795
1241       274.477453 -12.187929  95.3236   96.022   96.992  15.8132  14.9105
1243       274.476234 -12.267431  95.3236   96.022   96.992  15.7142  14.3545
1246       274.476082 -12.240386  95.3236   96.022   96.992  15.5172  14.4535
1249       274.476049 -12.202941  95.3236   96.022   96.992  15.9932  14.8445
125        274.552956 -12.213392  95.3236   96.022   96.992  16.5652  15.7215
1255       274.474656 -12.247018  95.3236   96.022   96.992  16.2162  14.8245
1259       274.474147 -12.239570  95.3236   96.022   96.992  16.0882  14.9805
1261       274.474523 -12.198842  95.3236   96.022   96.992  16.5742  15.5815
1268       274.473635 -12.217384  95.3236   96.022   96.992  15.4612  14.9585
1274       274.472564 -12.226883  95.3236   96.022   96.992  16.3952  15.2865
1278       274.472129 -12.232483  95.3236   96.022   96.992  15.2502  12.7335
1281       274.471436 -12.258824  95.3236   96.022   96.992  16.2382  14.9015
1287       274.470699 -12.236363  95.3236   96.022   96.992  16.2262  14.7515
1298       274.470018 -12.188294  95.3236   96.022   96.992  16.5402  14.8015
1301       274.468151 -12.274774  95.3236   96.022   96.992  16.4082  15.4475
130        274.552362 -12.246355  95.3236   96.022   96.992  16.0472  15.1635
1304       274.468175 -12.225167  95.3236   96.022   96.992  16.1182  15.3625
1314       274.466218 -12.207755  95.3236   96.022   96.992  16.3162  15.8895
1315       274.465677 -12.240060  95.3236   96.022   96.992  16.5502  15.7555
1319       274.465877 -12.187263  95.3236   96.022   96.992  16.4792  15.9225
1321       274.465162 -12.237495  95.3236   96.022   96.992  16.4202  15.0895
1322       274.464387 -12.279143  95.3236   96.022   96.992  16.2182  14.8045
1325       274.464659 -12.224596  95.3236   96.022   96.992  16.2082  15.4135
13         274.560598 -12.192744  95.3236   96.022   96.992  15.9632  15.1655
133        274.552154 -12.239984  95.3236   96.022   96.992  16.0282  15.2335
1343       274.460364 -12.262786  95.3236   96.022   96.992  97.5352  12.2375
1345       274.461199 -12.168237  95.3236   96.022   96.992  15.2992  15.0485
1346       274.459808 -12.266649  95.3236   96.022   96.992  15.7462  13.8715
1347       274.459986 -12.238393  95.3236   96.022   96.992  16.4812  15.8405
1352       274.459020 -12.248923  95.3236   96.022   96.992  16.4622  16.0135
1356       274.458200 -12.230923  95.3236   96.022   96.992  16.5312  14.8135
1357       274.457081 -12.282421  95.3236   96.022   96.992  16.3402  14.6075
1359       274.457721 -12.182568  95.3236   96.022   96.992  16.5612  15.8665
1376       274.454249 -12.172754  95.3236   96.022   96.992  16.2382  14.7035
1378       274.453036 -12.235956  95.3236   96.022   96.992  16.4222  15.6125
1381       274.452503 -12.234037  95.3236   96.022   96.992  16.4812  16.0225
1382       274.452500 -12.221334  95.3236   96.022   96.992  15.5382  13.2385
1385       274.451800 -12.173919  95.3236   96.022   96.992  16.5952  16.0825
1393       274.450200 -12.199245  95.3236   96.022   96.992  16.3462  14.7635
1396       274.448958 -12.248567  95.3236   96.022   96.992  16.1622  15.8575
141        274.551592 -12.237051  95.3236   96.022   96.992  16.5702  16.0545
143        274.550904 -12.283399  95.3236   96.022   96.992  16.1322  15.1445
148        274.551025 -12.252980  95.3236   96.022   96.992  16.3772  15.2265
150        274.551339 -12.202362  95.3236   96.022   96.992  16.2582  15.3865
151        274.551668 -12.172886  95.3236   96.022   96.992  16.3772  15.7315
158        274.550937 -12.177966  95.3236   96.022   96.992  16.5452  15.7965
160        274.549758 -12.260043  95.3236   96.022   96.992  16.6572  16.1175
166        274.550390 -12.199428  95.3236   96.022   96.992  15.6012  14.7185
170        274.549871 -12.225370  95.3236   96.022   96.992  16.0482  15.4945
17         274.559683 -12.232557  95.3236   96.022   96.992  16.3122  15.5235
174        274.548985 -12.243158  95.3236   96.022   96.992  16.3522  15.8815
181        274.548066 -12.280559  95.3236   96.022   96.992  15.3402  14.4895
188        274.548735 -12.208628  95.3236   96.022   96.992  16.0042  15.2445
191        274.548364 -12.223027  95.3236   96.022   96.992  16.4272  15.8555
193        274.547572 -12.272006  95.3236   96.022   96.992  16.5032  15.6225
194        274.547585 -12.267887  95.3236   96.022   96.992  16.3702  15.8805
195        274.548632 -12.171227  95.3236   96.022   96.992  16.7982  16.3205
199        274.547586 -12.229216  95.3236   96.022   96.992  16.6312  16.1415
201        274.548053 -12.179322  95.3236   96.022   96.992  15.9032  15.0395
206        274.546897 -12.233933  95.3236   96.022   96.992  15.6652  15.0325
211        274.545947 -12.284473  95.3236   96.022   96.992  16.4032  15.5795
222        274.546946 -12.180486  95.3236   96.022   96.992  16.0392  15.2405
227        274.546458 -12.204758  95.3236   96.022   96.992  16.2912  15.5875
228        274.546033 -12.227743  95.3236   96.022   96.992  16.0862  15.5015
232        274.546032 -12.208884  95.3236   96.022   96.992  16.1862  15.3085
23         274.558810 -12.275233  95.3236   96.022   96.992  16.1652  15.2955
233        274.546128 -12.195900  95.3236   96.022   96.992  15.9982  15.1185
238        274.545370 -12.218086  95.3236   96.022   96.992  16.1382  15.4765
239        274.545729 -12.188446  95.3236   96.022   96.992  15.7862  14.9345
242        274.545736 -12.173708  95.3236   96.022   96.992  15.8932  15.2945
243        274.545060 -12.222975  95.3236   96.022   96.992  16.1662  15.0095
247        274.544134 -12.266056  95.3236   96.022   96.992  16.3282  15.5795
248        274.544179 -12.262682  95.3236   96.022   96.992  15.2722  13.8615
249        274.544687 -12.223926  95.3236   96.022   96.992  16.7052  16.0375
25         274.559233 -12.227460  95.3236   96.022   96.992  16.3392  15.7115
254        274.544329 -12.218751  95.3236   96.022   96.992  16.6132  16.0705
256        274.544031 -12.236761  95.3236   96.022   96.992  17.0102  15.8125
259        274.544262 -12.202297  95.3236   96.022   96.992  15.8942  15.0905
262        274.544227 -12.198338  95.3236   96.022   96.992  16.1932  15.3015
267        274.544113 -12.186611  95.3236   96.022   96.992  15.7382  14.6685
27         274.559397 -12.196561  95.3236   96.022   96.992  16.7182  15.4895
276        274.542918 -12.247428  95.3236   96.022   96.992  16.0102  15.2265
287        274.541531 -12.284390  95.3236   96.022   96.992  15.8652  14.7855
288        274.542810 -12.184914  95.3236   96.022   96.992  16.0932  15.2995
292        274.542007 -12.221898  95.3236   96.022   96.992  16.5072  15.8535
295        274.541548 -12.249141  95.3236   96.022   96.992  16.1342  15.4645
298        274.541065 -12.265839  95.3236   96.022   96.992  16.4932  15.7085
301        274.541705 -12.211517  95.3236   96.022   96.992  16.4872  15.9385
302        274.541027 -12.261892  95.3236   96.022   96.992  16.5682  15.8355
303        274.541675 -12.212600  95.3236   96.022   96.992  16.1942  15.0455
314        274.540041 -12.266515  95.3236   96.022   96.992  16.4672  16.0455
320        274.540273 -12.217415  95.3236   96.022   96.992  15.6742  15.2955
321        274.539639 -12.260237  95.3236   96.022   96.992  16.5382  16.1205
324        274.540120 -12.215281  95.3236   96.022   96.992  15.6252  14.7035
325        274.540034 -12.212113  95.3236   96.022   96.992  16.1422  15.2945
326        274.539754 -12.223397  95.3236   96.022   96.992  16.6092  15.6845
329        274.539709 -12.224304  95.3236   96.022   96.992  16.5902  16.1535
332        274.539238 -12.247019  95.3236   96.022   96.992  15.4082  14.9495
33         274.559320 -12.184936  95.3236   96.022   96.992  16.2602  15.3935
337        274.539947 -12.178641  10.9526   96.022   96.992  97.5352  98.2045
340        274.539346 -12.208663  95.3236   96.022   96.992  16.0322  15.3395
344        274.539350 -12.186653  95.3236   96.022   96.992  16.5632  15.8355
346        274.539023 -12.197355  95.3236   96.022   96.992  16.0242  15.1535
348        274.538567 -12.224243  95.3236   96.022   96.992  16.0792  15.2835
35         274.558832 -12.207012  95.3236   96.022   96.992  15.7632  14.8885
356        274.538205 -12.220188  95.3236   96.022   96.992  16.3002  15.5945
361        274.538027 -12.201612  95.3236   96.022   96.992  16.7342  16.1785
36         274.557969 -12.260038  95.3236   96.022   96.992  16.6362  15.8115
364        274.538136 -12.176746  95.3236   96.022   96.992  15.5322  15.4945
365        274.536832 -12.272019  95.3236   96.022   96.992  16.3442  15.5255
366        274.537439 -12.225480  95.3236   96.022   96.992  16.4082  15.2895
369        274.536545 -12.279046  95.3236   96.022   96.992  16.5872  15.8255
371        274.536508 -12.274198  95.3236   96.022   96.992  15.7002  15.2185
375        274.537533 -12.180791  95.3236   96.022   96.992  16.5022  15.4405
376        274.537085 -12.212740  95.3236   96.022   96.992  16.6232  15.7225
378        274.537124 -12.197596  95.3236   96.022   96.992  16.6572  15.5645
383        274.537173 -12.175693  95.3236   96.022   96.992  16.2752  15.6745
384        274.536798 -12.203244  95.3236   96.022   96.992  16.6312  15.9935
386        274.536460 -12.217491  95.3236   96.022   96.992  16.1932  15.4875
389        274.536503 -12.184554  95.3236   96.022   96.992  15.7632  15.5145
396        274.536178 -12.175756  95.3236   96.022   96.992  16.2652  15.8705
403        274.535820 -12.174206  95.3236   96.022   96.992  16.1772  15.7535
407        274.534412 -12.234561  95.3236   96.022   96.992  16.4812  16.2825
414        274.533435 -12.278091  95.3236   96.022   96.992  16.4642  15.5395
415        274.533598 -12.259081  95.3236   96.022   96.992  16.2022  15.2245
416        274.534754 -12.169554  95.3236   96.022   96.992  16.2432  15.4575
42         274.557344 -12.268503  95.3236   96.022   96.992  16.3902  15.8505
4          274.560854 -12.203591  95.3236   96.022   96.992  16.6642  15.7085
433        274.533106 -12.184196  95.3236   96.022   96.992  16.1932  15.6625
435        274.533020 -12.182568  95.3236   96.022   96.992  16.2222  15.5915
438        274.533056 -12.171346  95.3236   96.022   96.992  16.4362  15.0385
44         274.558332 -12.183786  95.3236   96.022   96.992  16.5162  15.9295
45         274.557801 -12.211818  95.3236   96.022   96.992  16.1242  15.3285
456        274.530753 -12.267850  95.3236   96.022   96.992  16.5782  16.0245
459        274.531715 -12.180806  95.3236   96.022   96.992  16.3432  15.7915
465        274.530582 -12.243823  95.3236   96.022   96.992  16.0752  15.0875
469        274.529961 -12.270040  95.3236   96.022   96.992  16.4872  15.7635
474        274.529499 -12.267502  95.3236   96.022   96.992  16.6332  16.1165
477        274.529729 -12.225877  95.3236   96.022   96.992  16.5902  16.1885
481        274.529852 -12.189378  95.3236   96.022   96.992  16.4332  15.4355
484        274.528965 -12.249800  95.3236   96.022   96.992  15.8632  15.0735
489        274.529210 -12.221124  95.3236   96.022   96.992  16.5942  15.7675
50         274.556951 -12.255042  95.3236   96.022   96.992  16.2162  15.5255
505        274.526828 -12.283485  95.3236   96.022   96.992  16.1972  15.5115
510        274.526772 -12.272243  95.3236   96.022   96.992  16.7482  16.1735
511        274.527410 -12.218828  95.3236   96.022   96.992  16.7932  15.9045
52         274.557541 -12.183845  95.3236   96.022   96.992  16.1832  15.3725
536        274.526167 -12.236549  95.3236   96.022   96.992  14.2062  14.0605
537        274.525850 -12.257003  95.3236   96.022   96.992  15.4512  14.7695
552        274.524776 -12.264488  95.3236   96.022   96.992  16.5702  15.5835
55         274.556805 -12.233069  95.3236   96.022   96.992  14.8412  12.7245
556        274.525208 -12.212787  95.3236   96.022   96.992  16.1142  15.2115
559        274.525387 -12.196178  95.3236   96.022   96.992  16.5372  15.6715
560        274.525561 -12.172969  95.3236   96.022   96.992  16.3052  15.3545
565        274.523470 -12.281885  95.3236   96.022   96.992  16.6022  15.8455
569        274.523422 -12.279282  95.3236   96.022   96.992  16.5522  16.0005
572        274.523908 -12.235014  95.3236   96.022   96.992  16.0472  15.5465
574        274.523248 -12.274388  95.3236   96.022   96.992  16.1502  15.1455
579        274.523611 -12.233646  95.3236   96.022   96.992  16.8052  15.6345
59         274.555900 -12.278934  95.3236   96.022   96.992  16.2982  15.7825
604        274.521464 -12.258418  95.3236   96.022   96.992  16.5562  15.9845
605        274.521414 -12.261042  95.3236   96.022   96.992  16.2442  15.5035
609        274.522020 -12.205833  95.3236   96.022   96.992  15.9302  14.9655
612        274.521179 -12.255573  95.3236   96.022   96.992  16.8872  15.9105
617        274.520580 -12.283756  95.3236   96.022   96.992  15.7142  14.7295
621        274.521239 -12.214320  95.3236   96.022   96.992  16.4812  15.9755
623        274.520822 -12.233022  95.3236   96.022   96.992  16.4932  15.5205
627        274.520682 -12.230504  95.3236   96.022   96.992  16.7962  16.0145
628        274.520006 -12.273341  95.3236   96.022   96.992  16.2042  15.4235
630        274.519684 -12.278808  95.3236   96.022   96.992  14.8272  12.7655
63         274.556460 -12.211537  95.3236   96.022   96.992  16.6282  15.9985
633        274.520693 -12.190289  95.3236   96.022   96.992  14.7502  12.4595
647        274.518962 -12.272294  95.3236   96.022   96.992  16.0112  13.5495
648        274.519687 -12.211554  95.3236   96.022   96.992  16.7692  15.8315
651        274.519600 -12.199082  95.3236   96.022   96.992  16.7532  15.6145
653        274.519717 -12.184248  95.3236   96.022   96.992  15.3062  13.8925
654        274.519003 -12.232191  95.3236   96.022   96.992  16.5112  15.8945
660        274.518890 -12.217673  95.3236   96.022   96.992  14.8982  12.5675
667        274.518786 -12.195852  95.3236   96.022   96.992  16.1992  15.4405
668        274.517676 -12.271355  95.3236   96.022   96.992  16.3302  15.7755
675        274.517102 -12.273544  95.3236   96.022   96.992  16.1302  15.3785
677        274.518442 -12.168667  95.3236   96.022   96.992  16.3962  15.1865
678        274.516955 -12.266627  95.3236   96.022   96.992  15.9102  15.1095
680        274.517070 -12.248720  95.3236   96.022   96.992  15.5562  14.2685
686        274.517192 -12.211124  95.3236   96.022   96.992  16.4782  15.7435
693        274.517114 -12.194592  95.3236   96.022   96.992  15.7782  14.7095
694        274.517307 -12.177270  95.3236   96.022   96.992  15.9572  15.0475
699        274.515957 -12.234880  95.3236   96.022   96.992  15.7542  15.1175
701        274.516617 -12.178966  95.3236   96.022   96.992  16.3192  15.4515
703        274.515337 -12.263018  95.3236   96.022   96.992  16.3612  15.7495
717        274.514323 -12.267400  95.3236   96.022   96.992  16.3622  15.9965
719        274.515257 -12.189705  95.3236   96.022   96.992  16.0712  15.5505
723        274.513921 -12.269482  95.3236   96.022   96.992  15.9592  15.4655
726        274.514385 -12.212894  95.3236   96.022   96.992  16.4692  16.1045
7          274.560124 -12.257173  95.3236   96.022   96.992  15.8152  14.8515
746        274.512938 -12.230100  95.3236   96.022   96.992  16.5432  16.1535
750        274.513281 -12.194274  95.3236   96.022   96.992  16.5412  15.6775
75         274.556382 -12.176989  95.3236   96.022   96.992  15.9992  15.2055
758        274.512776 -12.211472  95.3236   96.022   96.992  16.9302  16.0185
759        274.512800 -12.209466  95.3236   96.022   96.992  16.3912  15.8865
760        274.511961 -12.267381  95.3236   96.022   96.992  15.9382  15.4915
761        274.512811 -12.190978  95.3236   96.022   96.992  15.8242  14.9045
76         274.555978 -12.203457  95.3236   96.022   96.992  16.1682  15.5235
763        274.511962 -12.251277  95.3236   96.022   96.992  16.2782  15.5075
768        274.511395 -12.276159  95.3236   96.022   96.992  16.5192  15.5545
769        274.512073 -12.215060  95.3236   96.022   96.992  15.9412  15.2605
770        274.512108 -12.208124  95.3236   96.022   96.992  16.3352  15.4915
786        274.510839 -12.229339  95.3236   96.022   96.992  16.4102  16.0365
793        274.510436 -12.232805  95.3236   96.022   96.992  16.0392  15.4305
794        274.509721 -12.281295  95.3236   96.022   96.992  16.5012  15.6545
796        274.511129 -12.173240  95.3236   96.022   96.992  16.6642  15.8375
798        274.510481 -12.214183  95.3236   96.022   96.992  16.2862  15.4815
801        274.509850 -12.251961  95.3236   96.022   96.992  15.7772  15.2065
806        274.509203 -12.283253  95.3236   96.022   96.992  16.4032  15.8335
810        274.509783 -12.224602  95.3236   96.022   96.992  16.6042  16.2705
811        274.509839 -12.218007  95.3236   96.022   96.992  15.8042  15.0695
817        274.509242 -12.214345  95.3236   96.022   96.992  16.4652  15.3865
824        274.508550 -12.238014  95.3236   96.022   96.992  16.1012  15.5095
830        274.508431 -12.226836  95.3236   96.022   96.992  15.3612  14.7285
833        274.507814 -12.266161  95.3236   96.022   96.992  16.4952  15.7135
834        274.507904 -12.258863  95.3236   96.022   96.992  15.6462  14.7905
835        274.508410 -12.220246  95.3236   96.022   96.992  16.4992  15.6525
84         274.555841 -12.169265  95.3236   96.022   96.992  16.2452  15.4045
843        274.507341 -12.269124  95.3236   96.022   96.992  16.3332  15.6865
848        274.507859 -12.188986  95.3236   96.022   96.992  16.5422  15.7415
849        274.507097 -12.245320  95.3236   96.022   96.992  16.4492  15.8775
86         274.555346 -12.188076  95.3236   96.022   96.992  16.7402  16.1105
865        274.505874 -12.265981  95.3236   96.022   96.992  16.1312  15.2145
866        274.506035 -12.246778  95.3236   96.022   96.992  15.2982  14.6005
867        274.505821 -12.245677  95.3236   96.022   96.992  16.1362  15.7635
869        274.505518 -12.254536  95.3236   96.022   96.992  16.7912  16.4215
870        274.505568 -12.250418  95.3236   96.022   96.992  16.1582  15.6195
873        274.505067 -12.276389  95.3236   96.022   96.992  16.2992  15.2995
877        274.505392 -12.216464  95.3236   96.022   96.992  16.3182  15.4025
89         274.554653 -12.234079  95.3236   96.022   96.992  15.8662  15.0305
894        274.503792 -12.244841  95.3236   96.022   96.992  16.1882  15.5275
895        274.504144 -12.210728  95.3236   96.022   96.992  15.7272  14.9755
896        274.504510 -12.183583  95.3236   96.022   96.992  16.2652  15.8855
901        274.503842 -12.216621  95.3236   96.022   96.992  16.4162  15.6645
904        274.503692 -12.225620  95.3236   96.022   96.992  16.3742  15.9175
909        274.503400 -12.229978  95.3236   96.022   96.992  16.2522  15.3355
910        274.502894 -12.263615  95.3236   96.022   96.992  16.6232  15.8555
917        274.503377 -12.201195  95.3236   96.022   96.992  16.3252  15.3985
92         274.555234 -12.186826  95.3236   96.022   96.992  15.5372  15.1955
923        274.503058 -12.208435  95.3236   96.022   96.992  16.1232  15.0065
9          274.560243 -12.224630  95.3236   96.022   96.992  15.9082  15.0515
931        274.502652 -12.197397  95.3236   96.022   96.992  16.5532  15.9325
932        274.501971 -12.246856  95.3236   96.022   96.992  16.3242  15.6375
935        274.501364 -12.276141  95.3236   96.022   96.992  16.6242  15.7895
937        274.501386 -12.257584  95.3236   96.022   96.992  16.4602  15.8985
939        274.501111 -12.266737  95.3236   96.022   96.992  15.1532  14.3725
940        274.501870 -12.201076  95.3236   96.022   96.992  16.5692  16.2155
94         274.554608 -12.230885  95.3236   96.022   96.992  16.3332  15.4325
944        274.501035 -12.241739  95.3236   96.022   96.992  16.6702  16.0225
951        274.501430 -12.191963  95.3236   96.022   96.992  16.0642  15.3245
956        274.499614 -12.277832  95.3236   96.022   96.992  16.5212  15.8695
959        274.500608 -12.194196  95.3236   96.022   96.992  16.5012  15.7705
960        274.499340 -12.272759  95.3236   96.022   96.992  16.2742  15.7825
962        274.500213 -12.196792  95.3236   96.022   96.992  16.8172  15.6345
96         274.554868 -12.205216  95.3236   96.022   96.992  16.4912  15.9515
963        274.499942 -12.216762  95.3236   96.022   96.992  15.6812  14.6505
971        274.499461 -12.218549  95.3236   96.022   96.992  15.5062  14.9225
976        274.499231 -12.220414  95.3236   96.022   96.992  16.2622  15.6225
977        274.499004 -12.226816  95.3236   96.022   96.992  15.0022  12.6095
979        274.498756 -12.238631  95.3236   96.022   96.992  16.5772  15.5125
982        274.499332 -12.168186  95.3236   96.022   96.992  16.4322  15.4905
984        274.497970 -12.261924  95.3236   96.022   96.992  15.8182  14.9935
987        274.497527 -12.278341  95.3236   96.022   96.992  16.5802  16.0335
992        274.497550 -12.237789  95.3236   96.022   96.992  15.7862  14.4905
99         274.554603 -12.195245  95.3236   96.022   96.992  16.6782  15.8605
993        274.497770 -12.217466  95.3236   96.022   96.992  15.5402  14.6685
996        274.497247 -12.241658  95.3236   96.022   96.992  16.7252  16.0715
997        274.497067 -12.254649  95.3236   96.022   96.992  16.6102  16.1145
