#           Observatorio Astronomico Nacional San Pedro Martir
#STAR_ID           RA        DEC        U        B        V        R        I 
#1                  2          3        4        5        6        7        8 
1404       274.446010 -12.263784   11.538   10.451    9.139   99.999   99.999 
315        274.541165 -12.179727    9.470    9.913    9.258    9.682   99.999 
313        274.541203 -12.179965   99.999    9.904    9.270    8.889   11.764 
743        274.512948 -12.242862    9.941   10.362    9.694    9.248    8.766 
521        274.526915 -12.234512   10.349   10.784   10.158    9.739    9.279 
882        274.504671 -12.237100   10.818   11.171   10.478   10.037    9.537 
1116       274.488487 -12.272965   10.962   11.262   10.484    9.976    9.407 
1250       274.475664 -12.215810   11.510   11.755   10.877   10.273    9.631 
934        274.501980 -12.234217   12.119   12.423   11.702   11.234   10.717 
1344       274.459924 -12.261881   12.613   12.886   12.096   11.581   11.023 
205        274.546964 -12.232199   12.564   12.853   12.145   11.692   11.195 
689        274.517507 -12.172078   12.758   12.945   12.186   11.688   11.129 
748        274.512450 -12.259605   12.701   12.971   12.203   11.706   11.162 
354        274.537948 -12.248212   12.713   12.981   12.244   11.768   11.242 
783        274.510878 -12.244536   12.879   13.120   12.409   11.949   11.436 
772        274.511154 -12.273023   16.495   14.587   12.627   11.416   10.317 
826        274.509130 -12.186557   13.568   13.416   12.648   12.150   11.639 
281        274.543483 -12.177755   16.706   14.904   12.857   11.574   10.419 
679        274.517044 -12.257574   13.510   13.670   12.877   12.365   11.800 
1369       274.454085 -12.253157   16.048   14.494   12.922   12.011   11.194 
731        274.514807 -12.170407   13.710   13.764   12.956   12.435   11.854 
1417       274.443548 -12.245038   13.824   13.596   12.985   12.632   12.206 
644        274.519472 -12.243439   13.605   13.762   13.006   12.510   11.941 
610        274.521426 -12.246582   13.725   13.813   13.011   12.482   11.891 
293        274.542053 -12.217009   13.556   13.746   13.021   12.557   12.036 
764        274.511950 -12.245156   13.551   13.751   13.030   12.573   12.046 
938        274.501948 -12.211221   17.735   15.601   13.355   11.825   10.277 
1242       274.476403 -12.261828   14.611   14.426   13.527   12.958   12.315 
177        274.549379 -12.202888   14.571   14.431   13.627   13.131   12.624 
1231       274.478458 -12.218691   16.599   15.326   13.732   12.766   11.877 
34         274.558779 -12.216556   14.642   14.469   13.732   13.288   12.749 
1169       274.484934 -12.224013   14.748   14.451   13.735   13.295   12.834 
1173       274.484678 -12.208644   14.701   14.714   13.837   13.262   12.631 
581        274.523399 -12.241761   99.999   13.426   13.842   99.999   99.999 
1095       274.490473 -12.220338   14.681   14.714   13.897   13.362   12.765 
1112       274.489567 -12.211772   14.853   14.706   13.903   13.386   12.835 
1068       274.493030 -12.191871   14.880   14.831   13.955   13.387   12.765 
732        274.514688 -12.178577   15.031   14.868   14.011   13.476   12.873 
578        274.523490 -12.243622   14.522   14.429   14.046   99.999   99.999 
665        274.518074 -12.256918   14.936   14.984   14.151   13.622   13.030 
306        274.540433 -12.280868   15.103   15.040   14.167   13.613   12.969 
347        274.537943 -12.274923   15.297   15.149   14.198   13.589   12.901 
32         274.558574 -12.241621   15.120   15.044   14.204   13.682   13.080 
953        274.500112 -12.256360   15.080   15.110   14.276   13.722   13.114 
571        274.523777 -12.246517   15.318   15.168   14.316   13.764   13.091 
455        274.530685 -12.280506   15.374   15.265   14.384   13.818   13.183 
1267       274.472841 -12.277456   15.526   15.401   14.481   13.889   13.220 
1254       274.474893 -12.238153   17.464   16.130   14.488   13.482   12.547 
1064       274.492666 -12.242220   16.625   15.709   14.505   13.782   13.152 
614        274.521400 -12.228534   15.801   15.467   14.511   13.933   13.365 
200        274.546886 -12.279723   15.782   15.599   14.624   14.001   13.297 
663        274.518195 -12.254510   15.810   15.621   14.702   14.103   13.423 
40         274.558439 -12.192417   15.679   15.519   14.730   14.230   13.617 
968        274.500252 -12.180402   15.763   15.624   14.759   14.193   13.561 
661        274.518406 -12.252348   15.915   15.749   14.800   14.137   13.549 
863        274.506545 -12.222151   16.123   15.665   14.851   14.366   13.824 
705        274.516376 -12.171730   15.920   15.716   14.855   14.294   13.648 
1285       274.471170 -12.215228   15.879   15.764   14.866   14.249   13.594 
1063       274.492570 -12.257918   16.020   15.839   14.946   14.377   13.730 
226        274.546968 -12.174362   16.073   15.812   15.006   14.522   13.937 
420        274.533290 -12.248908   16.722   16.170   15.028   14.313   13.584 
2          274.560379 -12.242086   16.434   16.045   15.062   14.465   13.853 
1419       274.442717 -12.266075   17.028   16.318   15.078   14.266   13.462 
1363       274.456552 -12.208675   16.238   15.986   15.094   14.534   13.975 
883        274.504586 -12.239274   16.186   15.978   15.163   14.640   14.015 
359        274.537343 -12.261497   16.384   16.101   15.203   14.639   13.984 
589        274.522900 -12.244286   15.845   99.999   15.260   14.730   99.999 
851        274.506891 -12.247264   16.467   16.175   15.306   14.781   14.174 
142        274.552075 -12.200203   16.976   16.396   15.337   14.714   14.131 
1380       274.452068 -12.278805   16.554   16.277   15.349   14.781   14.179 
1295       274.469194 -12.262681   17.055   16.489   15.428   14.778   14.027 
1125       274.488432 -12.228185   99.999   17.709   15.452   13.966   12.593 
534        274.526243 -12.231796   16.824   16.460   15.472   14.870   14.244 
739        274.512941 -12.267525   17.043   16.503   15.478   14.846   14.122 
244        274.544457 -12.264269   16.804   16.481   15.513   14.928   14.340 
1235       274.478007 -12.199251   16.901   16.566   15.518   14.836   14.090 
755        274.513077 -12.196049   16.778   16.546   15.596   14.992   14.393 
1012       274.496716 -12.221741   16.759   16.519   15.617   15.065   14.511 
85         274.555619 -12.170543   18.840   17.389   15.633   14.540   13.507 
804        274.509331 -12.277944   17.061   16.624   15.671   15.076   14.390 
349        274.538680 -12.215274   17.438   16.829   15.672   14.927   14.151 
1398       274.447643 -12.263232   99.999   17.522   15.713   99.999   99.999 
341        274.539641 -12.179274   99.999   16.327   15.713   99.999   99.999 
766        274.511698 -12.262564   17.184   16.732   15.727   15.091   14.344 
53         274.557417 -12.191781   17.228   16.818   15.777   15.068   14.227 
1124       274.488343 -12.248112   17.321   16.783   15.778   15.172   14.511 
808        274.510632 -12.176021   17.178   16.835   15.833   15.231   14.630 
669        274.517276 -12.282828   17.605   16.975   15.834   15.124   14.359 
1377       274.453276 -12.239594   17.100   16.809   15.839   15.265   14.671 
1374       274.453557 -12.229810   17.812   17.168   15.857   15.024   14.192 
846        274.507610 -12.227836   99.999   17.921   15.896   14.599   13.386 
1332       274.462795 -12.189521   17.547   17.056   15.902   15.144   14.320 
716        274.515049 -12.214147   17.408   16.870   15.903   15.309   14.644 
1260       274.474215 -12.231574   17.691   17.141   15.904   15.130   14.359 
1001       274.497122 -12.232172   17.783   17.148   15.922   15.117   14.251 
844        274.507709 -12.231182   17.257   16.936   15.929   15.317   14.715 
625        274.520851 -12.221046   17.100   16.907   15.959   15.360   14.718 
1033       274.495336 -12.204534   17.498   16.953   15.961   15.350   14.653 
105        274.554351 -12.180702   99.999   17.910   15.962   14.694   13.489 
594        274.522311 -12.270385   18.140   17.360   15.978   15.040   13.996 
898        274.503562 -12.251612   17.479   16.982   16.000   15.411   14.728 
1397       274.448911 -12.187002   17.598   17.133   16.003   15.238   14.412 
65         274.555755 -12.262016   17.911   17.147   16.029   15.308   14.505 
192        274.548804 -12.180081   17.436   17.069   16.045   15.428   14.803 
1120       274.489082 -12.207772   17.637   17.126   16.076   15.431   14.821 
77         274.555753 -12.216350   17.335   17.053   16.077   15.476   14.858 
1183       274.483414 -12.255186   17.899   17.282   16.113   15.427   14.776 
776        274.512000 -12.193194   18.005   17.418   16.127   15.272   14.408 
646        274.519667 -12.226046   18.033   17.478   16.183   15.318   14.455 
393        274.535882 -12.214792   18.444   17.443   16.228   15.485   14.822 
335        274.538796 -12.276703   99.999   18.996   16.245   14.242   12.306 
1266       274.474243 -12.180183   17.934   17.402   16.261   15.516   14.701 
56         274.556244 -12.262598   18.030   17.513   16.270   15.479   14.672 
1401       274.446870 -12.236254   18.302   17.652   16.305   15.448   14.582 
1341       274.460473 -12.271254   18.325   17.656   16.339   15.538   14.740 
286        274.542376 -12.238037   18.294   17.513   16.344   15.618   14.949 
975        274.499892 -12.175767   18.123   17.452   16.385   15.728   15.008 
1389       274.450910 -12.176109   17.794   17.444   16.403   15.757   15.116 
741        274.513194 -12.236463   18.228   17.706   16.439   15.652   14.855 
1177       274.484963 -12.172601   18.527   17.678   16.483   15.750   15.055 
1333       274.461539 -12.258070   18.404   17.787   16.494   15.690   14.892 
912        274.503249 -12.233011   99.999   99.999   16.498   15.930   15.295 
1372       274.454600 -12.177788   18.543   17.877   16.552   15.693   14.850 
1147       274.487566 -12.181025   18.812   18.058   16.585   15.610   14.642 
1021       274.495862 -12.237698   18.711   17.953   16.703   15.860   14.937 
1065       274.493609 -12.168187   18.650   17.910   16.719   16.008   15.229 
1086       274.491332 -12.234216   99.999   18.850   16.743   15.338   14.027 
26         274.559134 -12.225220   19.084   18.005   16.743   15.975   15.279 
159        274.549934 -12.249038   19.246   18.212   16.755   15.821   14.971 
933        274.502188 -12.224697   18.280   17.864   16.769   16.116   15.488 
322        274.539857 -12.241379   99.999   18.960   16.775   15.343   14.019 
390        274.536531 -12.169411   18.388   17.955   16.775   16.048   15.271 
558        274.524313 -12.277964   18.592   17.924   16.775   16.034   15.199 
475        274.529690 -12.237803   18.857   18.067   16.789   16.152   15.486 
656        274.518260 -12.281791   18.462   17.928   16.800   16.085   15.327 
299        274.540937 -12.274640   18.186   17.831   16.836   16.222   15.617 
439        274.532357 -12.216353   99.999   19.010   16.889   15.448   14.133 
486        274.529100 -12.235987   99.999   17.774   16.893   15.219   13.349 
102        274.553385 -12.273049   19.149   18.256   16.902   15.969   14.947 
978        274.498855 -12.237349   99.999   18.327   16.917   15.964   15.157 
1263       274.474075 -12.225883   19.001   18.382   16.947   16.035   15.116 
1149       274.487591 -12.171656   18.614   18.141   16.958   16.210   15.462 
529        274.526441 -12.235998   99.999   17.132   16.963   99.999   99.999 
1152       274.487228 -12.172561   18.997   18.436   16.968   16.047   15.108 
543        274.525816 -12.235671   99.999   17.163   16.979   99.999   99.999 
113        274.552754 -12.281164   19.255   18.235   16.992   16.221   15.510 
440        274.531398 -12.281026   99.999   99.999   17.001   15.541   14.229 
1406       274.446659 -12.202421   99.999   18.632   17.007   16.028   15.093 
1418       274.443583 -12.209193   99.999   18.584   17.025   16.005   14.990 
809        274.509601 -12.241259   99.999   19.066   17.032   15.643   14.343 
345        274.538210 -12.261120   99.999   99.999   17.062   16.091   15.224 
132        274.552981 -12.180896   99.999   19.037   17.085   15.790   14.537 
123        274.553281 -12.202274   99.999   19.110   17.115   15.745   14.454 
285        274.541864 -12.282838   99.999   19.331   17.120   15.630   14.221 
884        274.504330 -12.257388   18.881   18.473   17.131   16.309   15.486 
637        274.520192 -12.218079   99.999   18.582   17.146   16.204   15.169 
1421       274.442945 -12.247594   19.147   18.449   17.162   16.437   15.726 
430        274.533516 -12.169446   19.141   18.367   17.170   16.504   15.894 
859        274.506861 -12.206168   99.999   19.435   17.184   15.648   14.242 
309        274.541506 -12.187602   99.999   19.060   17.195   15.886   14.631 
1282       274.472291 -12.179255   99.999   18.638   17.204   16.293   15.398 
353        274.538933 -12.177616   99.999   99.999   17.205   16.265   15.038 
1403       274.445890 -12.274851   99.999   18.731   17.218   16.468   15.797 
1207       274.480624 -12.247770   19.289   18.505   17.224   16.383   15.611 
1025       274.495174 -12.253191   18.993   18.481   17.228   16.374   15.489 
399        274.535092 -12.240359   18.814   18.340   17.229   16.530   15.870 
520        274.527045 -12.226116   99.999   19.288   17.231   15.880   14.610 
405        274.534384 -12.263780   99.999   18.762   17.245   16.225   15.154 
1133       274.487068 -12.272264   99.999   99.999   17.257   16.550   99.999 
173        274.549199 -12.255796   99.999   20.007   17.263   15.377   13.668 
358        274.538564 -12.181893   99.999   99.999   17.264   16.688   15.766 
1107       274.490487 -12.175856   99.999   18.617   17.272   16.428   15.605 
1270       274.474178 -12.170131   19.176   18.582   17.286   16.476   15.654 
216        274.547116 -12.184573   99.999   18.701   17.287   16.382   15.556 
73         274.555239 -12.265870   99.999   18.563   17.294   16.518   15.773 
916        274.502600 -12.268925   99.999   19.526   17.301   15.862   14.535 
952        274.499736 -12.284294   99.999   18.730   17.310   16.431   15.568 
568        274.524600 -12.194577   19.425   18.642   17.312   16.401   15.379 
441        274.532889 -12.170011   99.999   18.671   17.318   16.395   15.445 
289        274.541481 -12.276081   99.999   19.932   17.320   15.598   14.032 
1257       274.474727 -12.217025   99.999   18.246   17.321   99.999   99.999 
740        274.513034 -12.254309   99.999   18.592   17.321   16.525   15.832 
124        274.553406 -12.181753   99.999   19.287   17.335   16.036   14.775 
832        274.508794 -12.194732   19.252   18.720   17.384   16.480   15.565 
631        274.520093 -12.247066   99.999   18.490   17.386   16.583   15.799 
878        274.505855 -12.168010   99.999   19.011   17.393   16.347   15.313 
1102       274.489505 -12.283067   99.999   19.080   17.413   16.276   15.240 
38         274.558714 -12.178858   19.331   18.672   17.454   16.686   15.894 
1427       274.441731 -12.257335   99.999   19.081   17.463   16.392   15.461 
1219       274.479625 -12.234222   99.999   19.755   17.483   15.974   14.501 
1309       274.467080 -12.225922   19.161   18.764   17.485   16.663   15.870 
1123       274.488201 -12.260757   99.999   19.859   17.491   15.929   14.480 
78         274.556031 -12.186669   99.999   19.547   17.512   16.149   14.863 
1387       274.450404 -12.242232   99.999   19.151   17.548   16.475   15.424 
820        274.508425 -12.256123   19.304   18.877   17.548   16.706   15.970 
868        274.505487 -12.257231   99.999   20.083   17.554   15.904   14.426 
519        274.526637 -12.256855   99.999   18.945   17.570   16.717   15.849 
1264       274.473405 -12.264774   99.999   18.765   17.602   16.895   16.216 
308        274.540469 -12.271508   99.999   19.905   17.607   16.055   14.602 
427        274.532263 -12.279391   99.999   19.212   17.611   16.517   15.396 
567        274.524167 -12.228397   99.999   20.272   17.612   15.765   14.009 
1229       274.479185 -12.185960   99.999   19.073   17.616   16.635   15.669 
3          274.559831 -12.280679   99.999   19.709   17.621   16.157   14.751 
573        274.524258 -12.200644   99.999   18.916   17.623   16.754   15.868 
767        274.512736 -12.184084   19.233   18.996   17.627   16.759   15.907 
60         274.556347 -12.244039   99.999   19.185   17.628   16.633   15.649 
964        274.499872 -12.219286   99.999   18.955   17.650   16.756   15.806 
483        274.528571 -12.279197   99.999   20.023   17.666   15.962   14.316 
875        274.505374 -12.231858   99.999   19.791   17.668   16.273   14.957 
918        274.502261 -12.282863   99.999   19.254   17.676   16.580   15.453 
771        274.511498 -12.248818   99.999   20.314   17.685   15.978   14.434 
682        274.517546 -12.192803   99.999   20.357   17.686   15.687   13.765 
1208       274.480320 -12.268548   99.999   18.923   17.700   16.785   15.245 
551        274.524967 -12.255342   99.999   20.161   17.701   15.988   14.470 
1368       274.455048 -12.192650   99.999   19.214   17.718   16.754   15.793 
1113       274.489989 -12.180426   99.999   19.110   17.734   16.802   15.884 
443        274.532264 -12.212985   99.999   19.985   17.745   16.176   14.769 
774        274.511840 -12.218689   99.999   19.947   17.787   16.284   14.884 
1306       274.468363 -12.192755   99.999   19.347   17.793   16.757   15.704 
1245       274.476690 -12.205850   99.999   19.400   17.794   16.644   15.644 
379        274.536560 -12.236750   99.999   20.330   17.813   15.601   13.263 
857        274.506739 -12.223661   99.999   19.108   17.815   16.971   16.266 
363        274.538265 -12.180195   99.999   99.999   17.823   17.077   15.992 
296        274.541654 -12.225163   99.999   20.230   17.828   16.223   14.770 
300        274.542216 -12.175458   99.999   19.972   17.828   16.345   14.960 
307        274.540914 -12.243668   99.999   19.279   17.839   16.896   16.002 
496        274.528629 -12.223964   99.999   19.886   17.839   16.426   15.119 
970        274.498724 -12.283423   99.999   19.194   17.843   17.009   16.232 
1186       274.484214 -12.186020   99.999   20.586   17.854   15.832   13.993 
906        274.503520 -12.228718   99.999   20.083   17.867   16.415   15.062 
640        274.519901 -12.227818   99.999   19.737   17.870   16.760   15.674 
929        274.502655 -12.202344   99.999   19.257   17.880   17.035   16.188 
800        274.509973 -12.245834   99.999   18.534   17.883   17.251   16.524 
1409       274.446540 -12.173071   99.999   19.246   17.892   16.995   16.303 
730        274.514147 -12.222138   99.999   20.252   17.894   16.441   15.099 
1097       274.490521 -12.214711   99.999   20.079   17.897   16.425   15.054 
954        274.499689 -12.281077   99.999   19.394   17.903   16.909   15.858 
1328       274.462665 -12.260851   99.999   19.112   17.906   17.134   16.477 
1335       274.461392 -12.247376   99.999   19.247   17.908   17.026   16.227 
391        274.535417 -12.251773   99.999   19.353   17.909   17.065   16.317 
853        274.506956 -12.239431   99.999   99.999   17.917   16.601   15.258 
1166       274.485922 -12.174283   99.999   19.519   17.959   16.865   15.679 
664        274.518433 -12.236725   99.999   19.426   17.961   17.076   16.275 
16         274.560677 -12.177816   99.999   19.621   17.970   16.814   15.637 
1327       274.463231 -12.223882   99.999   19.316   17.971   17.133   16.380 
538        274.526189 -12.229756   99.999   20.126   17.973   16.563   15.224 
225        274.546107 -12.238874   99.999   19.223   17.980   17.152   16.383 
1367       274.455076 -12.195922   99.999   19.383   17.982   17.014   16.026 
149        274.551465 -12.215877   99.999   20.354   17.984   16.371   14.874 
713        274.515247 -12.218257   99.999   19.563   17.984   16.843   15.720 
838        274.508904 -12.171535   99.999   19.252   17.990   17.202   16.371 
662        274.518532 -12.238167   99.999   19.497   18.007   17.140   16.141 
264        274.543648 -12.240282   99.999   19.738   18.010   16.839   15.776 
1379       274.453137 -12.223107   99.999   19.804   18.015   16.808   15.668 
1253       274.475610 -12.189855   99.999   19.414   18.020   17.135   16.259 
1148       274.486248 -12.274408   99.999   99.999   18.024   16.727   14.605 
1217       274.479701 -12.232000   99.999   19.628   18.033   17.015   16.023 
1111       274.489917 -12.199172   99.999   20.128   18.039   16.389   14.778 
785        274.511180 -12.215991   99.999   19.788   18.047   16.960   15.926 
1351       274.459082 -12.254415   99.999   19.427   18.051   17.196   16.354 
742        274.513364 -12.217233   99.999   20.257   18.063   16.612   15.261 
1386       274.451074 -12.217602   99.999   19.504   18.074   17.119   16.327 
1073       274.491993 -12.238129   99.999   19.931   18.076   16.869   15.698 
1099       274.490371 -12.222178   99.999   19.454   18.077   17.100   16.238 
1273       274.472960 -12.214021   99.999   19.505   18.083   17.055   15.418 
37         274.557464 -12.278885   99.999   19.871   18.085   16.894   15.665 
773        274.511786 -12.223732   99.999   20.558   18.089   16.490   15.058 
275        274.542589 -12.275946   99.999   19.352   18.090   17.328   16.665 
847        274.507812 -12.207942   99.999   20.633   18.091   16.320   14.695 
967        274.499273 -12.254879   99.999   99.999   18.095   17.222   16.339 
908        274.503195 -12.249375   99.999   19.712   18.096   16.944   15.814 
1165       274.485508 -12.206368   99.999   19.411   18.107   17.307   16.582 
1320       274.464901 -12.256908   99.999   19.457   18.107   17.277   16.462 
555        274.524605 -12.267069   99.999   19.605   18.130   17.180   16.235 
82         274.554624 -12.270811   99.999   20.514   18.142   16.512   14.983 
279        274.542846 -12.244797   99.999   20.292   18.153   16.670   15.312 
290        274.542853 -12.169176   99.999   20.511   18.153   16.621   15.211 
1230       274.478275 -12.241782   99.999   20.317   18.157   16.546   14.996 
991        274.497552 -12.249464   99.999   99.999   18.165   16.584   15.108 
1391       274.450876 -12.167769   99.999   19.516   18.174   17.214   16.374 
813        274.510116 -12.182291   99.999   19.558   18.185   17.334   16.519 
1307       274.468339 -12.180262   99.999   20.294   18.193   16.854   15.589 
957        274.500321 -12.222332   99.999   20.547   18.200   16.480   14.924 
263        274.543211 -12.273583   99.999   19.767   18.201   17.231   16.312 
436        274.532753 -12.201815   99.999   19.529   18.206   17.372   16.602 
836        274.509081 -12.170567   99.999   20.281   18.209   16.263   13.912 
213        274.546794 -12.218389   99.999   20.596   18.214   16.607   15.138 
429        274.533456 -12.188778   99.999   19.565   18.222   17.344   16.570 
110        274.554236 -12.175932   99.999   19.721   18.226   17.181   16.108 
145        274.551047 -12.266795   99.999   99.999   18.229   16.649   15.199 
765        274.511685 -12.263685   99.999   19.920   18.233   17.137   16.057 
422        274.533746 -12.198070   99.999   20.515   18.246   16.598   15.102 
270        274.543979 -12.188732   99.999   19.682   18.249   17.238   16.295 
70         274.556500 -12.187503   99.999   19.723   18.262   17.269   16.223 
879        274.504266 -12.274451   99.999   20.444   18.263   16.729   15.322 
1045       274.493681 -12.261502   99.999   99.999   18.272   16.715   15.258 
190        274.547884 -12.270592   99.999   99.999   18.293   16.473   14.806 
522        274.527405 -12.194363   99.999   99.999   18.293   16.279   14.390 
255        274.544870 -12.176289   99.999   99.999   18.299   17.610   16.562 
684        274.516714 -12.251792   99.999   20.665   18.302   16.860   15.447 
539        274.526745 -12.188363   99.999   99.999   18.321   16.463   14.767 
380        274.536355 -12.242455   99.999   99.999   18.323   16.151   13.886 
1303       274.467905 -12.265409   99.999   19.615   18.324   17.495   16.674 
273        274.543334 -12.225100   99.999   19.733   18.324   17.368   16.638 
990        274.497611 -12.247808   99.999   19.740   18.341   17.449   16.681 
790        274.510345 -12.256696   99.999   19.958   18.347   17.257   16.216 
1079       274.491671 -12.240427   99.999   20.025   18.360   17.285   16.210 
600        274.521425 -12.280113   99.999   99.999   18.366   16.564   14.919 
215        274.546621 -12.222198   99.999   20.415   18.374   16.886   15.485 
1431       274.441144 -12.268150   99.999   19.893   18.379   17.334   16.567 
47         274.557025 -12.264996   99.999   20.504   18.381   16.786   15.361 
819        274.509012 -12.217471   99.999   99.999   18.386   16.852   15.472 
692        274.516516 -12.239158   99.999   99.999   18.391   17.467   16.419 
189        274.549243 -12.169134   99.999   19.958   18.402   17.282   16.174 
828        274.508104 -12.252289   99.999   20.219   18.405   17.264   16.178 
458        274.530985 -12.248812   99.999   20.129   18.409   17.065   15.701 
969        274.499126 -12.259507   99.999   99.999   18.417   16.735   15.212 
949        274.500426 -12.266405   99.999   19.877   18.419   17.549   16.607 
747        274.513311 -12.199744   99.999   20.150   18.434   17.198   15.983 
1077       274.492030 -12.219424   99.999   19.737   18.437   17.485   16.504 
1434       274.441501 -12.206644   99.999   20.012   18.437   17.465   16.508 
367        274.537870 -12.189915   99.999   20.460   18.442   17.025   15.664 
146        274.552054 -12.187503   99.999   20.448   18.451   16.990   15.631 
714        274.514465 -12.260451   99.999   99.999   18.453   17.653   16.636 
1082       274.492007 -12.204711   99.999   99.999   18.458   16.582   14.847 
219        274.547001 -12.177460   99.999   99.999   18.480   17.015   15.650 
1008       274.496186 -12.272975   99.999   20.202   18.482   17.340   16.181 
297        274.541585 -12.227484   99.999   19.923   18.482   17.525   16.632 
382        274.536057 -12.260245   99.999   20.030   18.483   17.425   16.393 
21         274.559640 -12.228607   99.999   99.999   18.499   16.898   15.407 
593        274.522978 -12.221865   99.999   99.999   18.505   16.963   15.547 
327        274.539862 -12.213144   99.999   19.961   18.508   17.488   16.569 
196        274.548277 -12.190182   99.999   99.999   18.522   16.918   15.414 
498        274.528559 -12.213816   99.999   19.994   18.523   17.601   16.731 
64         274.556526 -12.205626   99.999   99.999   18.531   16.744   15.103 
1366       274.454510 -12.279803   99.999   20.112   18.540   17.647   16.860 
711        274.515204 -12.234011   99.999   99.999   18.546   17.065   15.758 
1361       274.456155 -12.258299   99.999   19.973   18.554   17.614   16.681 
872        274.505113 -12.274221   99.999   99.999   18.560   16.584   14.746 
958        274.500209 -12.229563   99.999   20.286   18.565   17.367   16.224 
374        274.536601 -12.258545   99.999   20.287   18.577   17.450   16.493 
261        274.544073 -12.214929   99.999   20.200   18.584   17.683   16.794 
1145       274.486637 -12.256065   99.999   20.102   18.591   17.653   16.743 
310        274.540290 -12.276100   99.999   99.999   18.594   16.997   15.540 
911        274.503149 -12.243081   99.999   99.999   18.598   17.072   15.717 
592        274.522461 -12.266912   99.999   99.999   18.599   17.248   15.959 
501        274.527920 -12.228140   99.999   99.999   18.603   17.082   15.713 
1200       274.480989 -12.276783   99.999   99.999   18.619   17.000   15.490 
1236       274.476909 -12.274307   99.999   20.652   18.624   17.370   16.088 
447        274.532474 -12.174949   99.999   99.999   18.630   17.090   15.652 
899        274.503447 -12.256483   99.999   20.364   18.635   17.459   16.335 
735        274.513919 -12.214477   99.999   99.999   18.636   17.273   16.030 
1083       274.491245 -12.257079   99.999   20.179   18.637   17.708   16.893 
1088       274.491204 -12.222294   99.999   99.999   18.640   17.149   15.757 
487        274.529020 -12.240289   99.999   99.999   18.650   17.274   15.837 
775        274.511287 -12.257486   99.999   99.999   18.657   17.181   15.770 
401        274.534817 -12.254865   99.999   99.999   18.664   17.122   15.712 
402        274.535129 -12.230555   99.999   20.319   18.674   17.643   16.693 
342        274.539363 -12.198177   99.999   20.763   18.675   17.129   15.704 
1388       274.450212 -12.227187   99.999   20.385   18.686   17.667   16.697 
471        274.531129 -12.177812   99.999   99.999   18.692   16.724   14.867 
14         274.559763 -12.252582   99.999   20.454   18.703   17.480   16.231 
91         274.554528 -12.241478   99.999   99.999   18.703   17.244   15.851 
1023       274.495029 -12.276947   99.999   20.512   18.704   17.513   16.310 
114        274.553881 -12.189911   99.999   99.999   18.706   16.947   15.365 
343        274.539274 -12.204025   99.999   99.999   18.707   16.778   15.004 
905        274.504353 -12.171377   99.999   20.374   18.711   17.686   16.732 
183        274.549137 -12.196633   99.999   99.999   18.720   17.290   16.054 
90         274.554751 -12.225648   99.999   20.235   18.722   17.729   16.763 
426        274.532944 -12.236592   99.999   99.999   18.725   16.769   14.965 
787        274.510145 -12.278631   99.999   99.999   18.728   16.855   15.258 
807        274.509819 -12.237322   99.999   99.999   18.729   17.138   15.728 
1059       274.493223 -12.239508   99.999   99.999   18.736   17.153   15.679 
1140       274.487883 -12.189908   99.999   99.999   18.736   17.241   15.857 
144        274.552057 -12.192476   99.999   20.244   18.737   17.611   16.508 
1006       274.496268 -12.274259   99.999   99.999   18.738   17.146   15.832 
889        274.504309 -12.223638   99.999   20.249   18.739   17.637   16.517 
1019       274.496659 -12.198266   99.999   99.999   18.741   17.055   15.528 
138        274.551762 -12.243702   99.999   99.999   18.750   16.063   13.305 
398        274.535256 -12.236169   99.999   99.999   18.751   17.196   15.822 
1069       274.491906 -12.272047   99.999   19.753   18.753   17.750   16.680 
491        274.528440 -12.272735   99.999   20.133   18.756   17.727   16.862 
1252       274.474778 -12.253898   99.999   20.235   18.760   17.863   16.942 
655        274.518483 -12.269138   99.999   20.122   18.763   17.777   16.871 
8          274.560305 -12.222236   99.999   20.143   18.770   17.865   16.972 
903        274.503411 -12.246368   99.999   20.465   18.772   17.509   16.351 
757        274.512731 -12.221506   99.999   99.999   18.787   18.100   16.944 
81         274.555844 -12.181200   99.999   99.999   18.790   17.158   15.680 
257        274.544120 -12.226113   99.999   20.351   18.801   17.685   16.615 
122        274.553457 -12.190809   99.999   20.277   18.806   17.697   16.600 
444        274.531287 -12.284569   99.999   99.999   18.809   16.555   14.276 
1141       274.488155 -12.168707   99.999   20.432   18.814   17.670   16.485 
1105       274.489904 -12.228582   99.999   20.357   18.819   17.913   17.027 
95         274.554069 -12.265939   99.999   99.999   18.820   16.949   15.237 
724        274.513972 -12.257691   99.999   99.999   18.821   17.722   16.586 
947        274.501442 -12.204451   99.999   99.999   18.825   17.184   15.717 
1280       274.472094 -12.218300   99.999   99.999   18.829   17.546   16.313 
457        274.531682 -12.197901   99.999   99.999   18.840   17.012   15.365 
282        274.542914 -12.219980   99.999   99.999   18.842   17.527   16.279 
645        274.520075 -12.196350   99.999   20.243   18.849   17.925   17.101 
943        274.501472 -12.215567   99.999   99.999   18.852   17.352   15.983 
611        274.520801 -12.284760   99.999   99.999   18.862   17.577   16.326 
1005       274.496461 -12.265012   99.999   99.999   18.868   16.996   15.226 
1227       274.478475 -12.269264   99.999   20.393   18.868   17.879   16.939 
1410       274.444808 -12.277598   99.999   20.253   18.870   17.775   16.844 
154        274.550578 -12.228046   99.999   99.999   18.870   17.586   16.363 
635        274.519757 -12.257293   99.999   99.999   18.870   17.478   16.094 
1137       274.487589 -12.224483   99.999   99.999   18.872   17.123   15.530 
28         274.559072 -12.220082   99.999   20.334   18.872   17.981   17.013 
1204       274.481253 -12.224374   99.999   20.592   18.878   17.462   16.047 
797        274.509657 -12.280249   99.999   99.999   18.903   17.345   15.898 
885        274.505108 -12.194768   99.999   20.527   18.903   17.964   17.101 
854        274.507057 -12.229294   99.999   20.534   18.905   17.644   16.499 
392        274.535674 -12.231783   99.999   20.267   18.908   18.269   17.282 
850        274.506718 -12.265141   99.999   99.999   18.909   17.343   15.836 
1155       274.485484 -12.276400   99.999   99.999   18.913   17.526   16.043 
49         274.558064 -12.175378   99.999   99.999   18.913   17.270   15.749 
271        274.543609 -12.209892   99.999   99.999   18.914   15.709   12.517 
615        274.521981 -12.185148   99.999   20.441   18.920   17.733   16.810 
424        274.532832 -12.260181   99.999   20.300   18.921   18.013   17.093 
197        274.547357 -12.248621   99.999   20.340   18.923   17.924   17.015 
989        274.498106 -12.224232   99.999   99.999   18.923   17.431   16.051 
570        274.524581 -12.190455   99.999   99.999   18.932   17.053   15.306 
351        274.538354 -12.231792   99.999   20.758   18.935   17.665   16.521 
814        274.509973 -12.189427   99.999   20.386   18.935   17.730   16.537 
1408       274.446040 -12.242510   99.999   99.999   18.937   17.925   17.000 
175        274.549015 -12.239565   99.999   99.999   18.939   17.469   16.093 
779        274.511587 -12.214258   99.999   20.454   18.940   18.009   17.086 
488        274.528733 -12.258783   99.999   99.999   18.950   17.330   15.928 
1334       274.461621 -12.238843   99.999   20.568   18.952   17.946   16.906 
1414       274.445294 -12.182430   99.999   99.999   18.960   17.572   16.252 
1187       274.483804 -12.215251   99.999   99.999   18.963   17.344   15.782 
230        274.546535 -12.186795   99.999   99.999   18.967   17.400   15.969 
922        274.502670 -12.240876   99.999   99.999   18.968   16.891   14.816 
490        274.529756 -12.177284   99.999   99.999   18.970   17.439   16.033 
1048       274.493630 -12.245471   99.999   99.999   18.977   17.485   16.120 
338        274.538548 -12.280435   99.999   99.999   18.977   17.507   16.169 
751        274.512827 -12.224737   99.999   99.999   18.977   17.817   16.663 
784        274.511184 -12.220345   99.999   99.999   18.980   17.392   16.012 
258        274.543699 -12.253194   99.999   99.999   18.985   17.473   16.009 
907        274.504289 -12.169093   99.999   99.999   18.987   17.686   16.484 
234        274.545528 -12.234826   99.999   99.999   18.990   17.513   16.184 
981        274.499320 -12.169350   99.999   99.999   18.991   17.279   15.707 
576        274.523201 -12.275948   99.999   99.999   18.992   17.373   15.864 
1364       274.456007 -12.237366   99.999   99.999   18.999   18.029   17.088 
171        274.550428 -12.169449   99.999   99.999   19.017   17.394   15.970 
920        274.503006 -12.219764   99.999   99.999   19.017   17.324   15.816 
974        274.499400 -12.215568   99.999   99.999   19.018   17.688   16.464 
629        274.520189 -12.249974   99.999   99.999   19.021   17.430   15.837 
1269       274.474087 -12.182062   99.999   20.660   19.041   17.907   16.880 
395        274.534954 -12.278766   99.999   99.999   19.041   17.488   15.786 
224        274.546081 -12.244535   99.999   99.999   19.046   17.764   16.604 
575        274.524645 -12.170356   99.999   99.999   19.049   18.071   17.219 
607        274.522024 -12.210742   99.999   20.555   19.056   17.991   16.867 
965        274.499235 -12.264491   99.999   99.999   19.056   17.648   16.325 
1115       274.488625 -12.277509   99.999   99.999   19.058   17.843   16.573 
331        274.538768 -12.285032   99.999   99.999   19.058   17.198   99.999 
1218       274.480196 -12.193909   99.999   99.999   19.061   17.254   15.617 
927        274.501976 -12.262712   99.999   99.999   19.065   17.469   16.031 
241        274.545643 -12.184336   99.999   99.999   19.073   18.152   17.456 
19         274.560021 -12.206629   99.999   99.999   19.075   17.511   16.057 
754        274.512408 -12.249444   99.999   99.999   19.076   17.630   16.328 
782        274.511971 -12.170836   99.999   99.999   19.076   17.113   15.165 
946        274.501430 -12.209434   99.999   99.999   19.076   17.472   15.995 
355        274.538718 -12.184551   99.999   99.999   19.082   17.527   16.078 
729        274.514067 -12.229525   99.999   99.999   19.087   17.672   16.355 
973        274.498534 -12.280740   99.999   99.999   19.089   17.669   16.225 
601        274.522836 -12.173730   99.999   99.999   19.093   17.377   15.792 
112        274.553124 -12.254060   99.999   99.999   19.094   17.476   15.950 
235        274.545773 -12.215211   99.999   99.999   19.103   17.946   16.811 
998        274.497656 -12.209561   99.999   99.999   19.104   17.785   16.513 
58         274.556348 -12.246027   99.999   99.999   19.111   17.628   16.203 
24         274.559800 -12.186736   99.999   99.999   19.116   17.931   16.699 
514        274.527492 -12.204708   99.999   99.999   19.116   17.534   16.033 
1289       274.470409 -12.243827   99.999   99.999   19.117   18.111   17.282 
697        274.516916 -12.183853   99.999   99.999   19.121   17.641   16.204 
1015       274.496301 -12.239486   99.999   99.999   19.124   17.919   16.796 
792        274.511029 -12.201936   99.999   99.999   19.125   17.985   16.850 
87         274.554152 -12.275682   99.999   99.999   19.127   17.916   16.815 
409        274.534497 -12.224204   99.999   99.999   19.128   17.190   15.334 
691        274.516965 -12.208937   99.999   99.999   19.128   17.912   16.731 
131        274.553252 -12.169659   99.999   99.999   19.139   17.185   15.327 
272        274.542820 -12.263644   99.999   99.999   19.142   17.931   16.742 
549        274.526152 -12.180162   99.999   99.999   19.143   17.569   16.126 
450        274.531203 -12.265777   99.999   99.999   19.149   18.044   16.952 
704        274.515037 -12.277151   99.999   99.999   19.153   17.315   15.644 
722        274.514631 -12.223620   99.999   20.251   19.157   18.162   17.162 
182        274.548463 -12.250619   99.999   99.999   19.158   17.638   16.277 
942        274.501015 -12.262374   99.999   99.999   19.161   17.756   16.391 
203        274.547731 -12.187884   99.999   99.999   19.162   17.724   16.324 
334        274.539815 -12.200757   99.999   99.999   19.162   17.672   16.225 
198        274.547116 -12.264575   99.999   20.633   19.166   18.079   16.953 
737        274.514290 -12.172336   99.999   99.999   19.166   17.703   16.181 
1394       274.449608 -12.225423   99.999   99.999   19.174   17.993   16.977 
61         274.557210 -12.178868   99.999   99.999   19.179   17.992   16.912 
1167       274.484988 -12.230148   99.999   99.999   19.187   17.884   16.575 
172        274.550376 -12.171171   99.999   20.721   19.194   18.055   16.879 
252        274.545015 -12.173007   99.999   99.999   19.195   17.867   16.589 
554        274.524743 -12.262026   99.999   99.999   19.200   18.149   17.000 
155        274.549976 -12.263849   99.999   99.999   19.203   17.738   16.428 
1432       274.442184 -12.174851   99.999   20.633   19.204   18.145   17.173 
897        274.503235 -12.275962   99.999   99.999   19.204   18.073   16.920 
988        274.497861 -12.245706   99.999   99.999   19.206   18.129   17.120 
736        274.513850 -12.205592   99.999   99.999   19.207   17.594   16.151 
1171       274.485113 -12.196639   99.999   99.999   19.210   17.475   15.848 
220        274.545882 -12.260396   99.999   99.999   19.214   17.901   16.706 
580        274.523236 -12.256472   99.999   99.999   19.216   17.709   16.329 
43         274.557878 -12.222775   99.999   99.999   19.233   17.831   16.499 
370        274.537210 -12.222798   99.999   99.999   19.236   18.074   16.974 
1104       274.490400 -12.197601   99.999   99.999   19.243   18.016   16.782 
1134       274.488101 -12.193165   99.999   99.999   19.246   17.252   15.411 
1159       274.486014 -12.203627   99.999   99.999   19.251   18.010   16.852 
588        274.523853 -12.187137   99.999   99.999   19.254   17.997   16.811 
186        274.548851 -12.213252   99.999   99.999   19.257   17.349   15.564 
1354       274.459413 -12.213418   99.999   99.999   19.259   18.160   17.141 
1144       274.487408 -12.206896   99.999   99.999   19.261   18.180   17.079 
397        274.535109 -12.253247   99.999   99.999   19.262   17.681   16.234 
1239       274.476663 -12.273188   99.999   99.999   19.267   16.343   13.454 
129        274.552652 -12.226205   99.999   20.658   19.267   18.348   17.299 
687        274.516935 -12.228548   99.999   99.999   19.271   17.904   16.590 
218        274.546199 -12.242880   99.999   99.999   19.276   18.279   17.230 
994        274.496967 -12.274193   99.999   99.999   19.278   17.733   16.320 
479        274.529520 -12.229992   99.999   99.999   19.279   17.866   16.611 
1329       274.462149 -12.275251   99.999   99.999   19.283   18.053   16.873 
41         274.557667 -12.249265   99.999   99.999   19.289   18.093   16.884 
530        274.526036 -12.261903   99.999   99.999   19.290   17.822   16.430 
1383       274.450759 -12.268940   99.999   99.999   19.292   18.137   17.116 
404        274.535575 -12.182116   99.999   99.999   19.294   18.154   16.978 
453        274.531594 -12.220536   99.999   99.999   19.298   17.835   16.498 
162        274.550360 -12.206785   99.999   99.999   19.303   17.664   16.168 
350        274.538838 -12.195857   99.999   99.999   19.303   17.950   16.643 
823        274.508761 -12.225344   99.999   99.999   19.305   18.171   17.152 
417        274.533911 -12.231633   99.999   99.999   19.308   18.045   16.860 
69         274.556412 -12.204661   99.999   99.999   19.313   17.977   16.782 
1248       274.476419 -12.193049   99.999   99.999   19.314   17.341   15.563 
1247       274.475359 -12.282248   99.999   99.999   19.315   18.021   16.739 
550        274.526208 -12.173866   99.999   99.999   19.325   18.251   17.087 
1430       274.441674 -12.231679   99.999   99.999   19.326   17.985   16.615 
523        274.527499 -12.187122   99.999   99.999   19.331   17.377   15.528 
658        274.518417 -12.262495   99.999   99.999   19.331   17.694   16.183 
202        274.547748 -12.196093   99.999   99.999   19.334   16.840   14.318 
51         274.556559 -12.269605   99.999   99.999   19.346   18.152   16.934 
915        274.502449 -12.280729   99.999   99.999   19.350   17.721   16.233 
394        274.536059 -12.199748   99.999   99.999   19.352   18.217   17.074 
710        274.514813 -12.269220   99.999   99.999   19.369   17.687   16.199 
553        274.525536 -12.207382   99.999   99.999   19.371   18.101   16.953 
128        274.553346 -12.175482   99.999   99.999   19.376   18.316   17.178 
1002       274.497500 -12.200684   99.999   99.999   19.378   17.868   16.455 
139        274.551712 -12.231097   99.999   99.999   19.379   17.481   15.760 
945        274.501392 -12.212935   99.999   99.999   19.379   18.001   16.497 
245        274.545316 -12.192980   99.999   99.999   19.380   18.191   16.984 
80         274.555474 -12.212454   99.999   99.999   19.380   18.504   17.543 
799        274.510465 -12.209510   99.999   99.999   19.381   17.895   16.367 
518        274.527892 -12.170905   99.999   99.999   19.385   18.127   16.873 
840        274.507604 -12.253704   99.999   99.999   19.386   18.125   16.857 
1214       274.480166 -12.225250   99.999   99.999   19.393   18.218   17.256 
176        274.548978 -12.234635   99.999   99.999   19.397   18.000   16.556 
980        274.498865 -12.230087   99.999   99.999   19.397   17.712   16.285 
30         274.559144 -12.202872   99.999   99.999   19.399   18.244   17.084 
476        274.529438 -12.249338   99.999   99.999   19.400   17.646   16.101 
1265       274.473114 -12.273864   99.999   99.999   19.405   18.317   17.212 
480        274.529080 -12.251182   99.999   99.999   19.406   18.140   16.901 
831        274.507959 -12.257879   99.999   99.999   19.406   17.691   16.225 
695        274.516522 -12.233477   99.999   99.999   19.408   18.394   17.445 
676        274.517967 -12.205013   99.999   99.999   19.410   18.339   17.343 
756        274.512653 -12.227431   99.999   99.999   19.413   17.881   16.533 
266        274.544425 -12.173084   99.999   99.999   19.416   17.866   16.548 
1426       274.443335 -12.175971   99.999   99.999   19.418   18.307   17.255 
829        274.508582 -12.215701   99.999   99.999   19.420   17.436   15.675 
649        274.519605 -12.207951   99.999   99.999   19.425   17.992   16.569 
1066       274.492704 -12.231873   99.999   99.999   19.429   18.276   17.124 
1164       274.485221 -12.236583   99.999   99.999   19.429   18.225   17.091 
1142       274.486842 -12.264948   99.999   99.999   19.431   17.542   15.631 
497        274.528554 -12.215766   99.999   99.999   19.436   17.806   16.372 
622        274.521508 -12.182909   99.999   99.999   19.436   17.714   16.108 
209        274.547348 -12.191845   99.999   99.999   19.440   17.825   16.331 
1038       274.494528 -12.234633   99.999   99.999   19.443   18.558   17.538 
639        274.520278 -12.207730   99.999   99.999   19.443   18.338   99.999 
316        274.540017 -12.263828   99.999   99.999   19.447   17.940   16.494 
221        274.546535 -12.211463   99.999   99.999   19.452   18.324   17.150 
1371       274.454148 -12.214504   99.999   99.999   19.455   18.329   17.316 
328        274.540461 -12.168307   99.999   99.999   19.456   18.310   17.185 
1384       274.451003 -12.250130   99.999   99.999   19.457   18.481   17.540 
187        274.548053 -12.260301   99.999   99.999   19.457   17.758   16.238 
463        274.530372 -12.263393   99.999   99.999   19.459   18.244   17.047 
966        274.499642 -12.231611   99.999   99.999   19.459   18.054   16.672 
1031       274.495594 -12.193850   99.999   99.999   19.460   17.803   16.276 
29         274.558359 -12.264237   99.999   99.999   19.460   17.606   15.954 
528        274.526136 -12.258728   99.999   99.999   19.460   18.348   17.224 
319        274.540642 -12.198688   99.999   99.999   19.461   18.011   16.582 
795        274.509980 -12.261842   99.999   99.999   19.464   18.249   17.065 
1161       274.485145 -12.257205   99.999   99.999   19.466   18.410   17.485 
421        274.533320 -12.239636   99.999   99.999   19.466   18.405   17.215 
464        274.531336 -12.188991   99.999   99.999   19.466   18.345   17.420 
472        274.530263 -12.224947   99.999   99.999   19.466   18.433   17.500 
780        274.511915 -12.185634   99.999   99.999   19.466   18.434   17.489 
1185       274.483504 -12.239816   99.999   99.999   19.469   17.058   14.431 
856        274.507340 -12.180470   99.999   99.999   19.470   17.684   16.025 
485        274.528565 -12.277040   99.999   99.999   19.473   17.859   16.392 
1017       274.495527 -12.283461   99.999   99.999   19.479   17.564   15.877 
720        274.514022 -12.280367   99.999   99.999   19.481   18.168   16.849 
986        274.498663 -12.205337   99.999   99.999   19.482   18.302   17.001 
587        274.523410 -12.220678   99.999   99.999   19.489   17.824   16.287 
535        274.525668 -12.274070   99.999   99.999   19.493   18.523   17.355 
948        274.501248 -12.213226   99.999   99.999   19.494   18.411   99.999 
1293       274.469913 -12.230071   99.999   99.999   19.496   18.518   17.542 
531        274.526686 -12.207493   99.999   99.999   19.498   18.291   17.081 
1098       274.490627 -12.206480   99.999   99.999   19.501   17.367   15.411 
1007       274.497537 -12.178595   99.999   99.999   19.504   17.785   16.145 
584        274.523162 -12.253866   99.999   99.999   19.504   18.264   17.018 
31         274.558748 -12.228880   99.999   99.999   19.505   18.368   17.255 
1375       274.452970 -12.269294   99.999   99.999   19.510   18.417   17.316 
1035       274.494811 -12.232351   99.999   99.999   19.512   18.198   16.966 
452        274.532264 -12.172855   99.999   99.999   19.512   17.832   16.345 
1032       274.494545 -12.267533   99.999   99.999   19.513   17.604   15.891 
788        274.510709 -12.236023   99.999   99.999   19.516   17.496   15.521 
540        274.526390 -12.209640   99.999   99.999   19.518   18.359   17.181 
115        274.553421 -12.217445   99.999   99.999   19.519   18.042   16.531 
657        274.519097 -12.216751   99.999   99.999   19.519   18.513   99.999 
1024       274.495442 -12.241129   99.999   99.999   19.523   17.798   16.325 
311        274.541205 -12.206171   99.999   99.999   19.525   18.335   17.277 
842        274.508502 -12.183854   99.999   99.999   19.525   18.157   16.903 
955        274.500606 -12.208938   99.999   99.999   19.525   17.892   16.287 
48         274.557901 -12.188558   99.999   99.999   19.530   17.958   16.445 
1070       274.492453 -12.224951   99.999   99.999   19.531   18.317   17.176 
1336       274.461862 -12.208939   99.999   99.999   19.531   18.295   17.057 
1182       274.484195 -12.203846   99.999   99.999   19.533   18.317   17.108 
1272       274.472739 -12.238204   99.999   99.999   19.535   18.344   17.343 
1423       274.443477 -12.197076   99.999   99.999   19.538   18.458   17.519 
461        274.531241 -12.210689   99.999   99.999   19.543   17.957   16.599 
1037       274.494436 -12.243058   99.999   99.999   19.545   18.051   16.553 
251        274.544577 -12.212689   99.999   99.999   19.545   18.245   16.973 
291        274.541825 -12.245733   99.999   99.999   19.554   18.184   16.911 
168        274.550494 -12.183706   99.999   99.999   19.557   18.483   17.351 
428        274.533243 -12.205596   99.999   99.999   19.560   18.325   17.251 
67         274.555780 -12.257093   99.999   99.999   19.560   18.436   17.277 
1188       274.483122 -12.251788   99.999   99.999   19.561   18.525   17.587 
126        274.553414 -12.171900   99.999   99.999   19.561   18.504   17.351 
642        274.519637 -12.231615   99.999   99.999   19.561   18.166   16.800 
107        274.554100 -12.196690   99.999   99.999   19.563   18.646   17.489 
495        274.528840 -12.217331   99.999   99.999   19.565   18.497   17.431 
74         274.555893 -12.214783   99.999   99.999   19.565   17.870   16.395 
1350       274.458876 -12.275521   99.999   99.999   19.566   18.565   17.547 
1056       274.493455 -12.228674   99.999   99.999   19.570   18.482   17.353 
1060       274.493647 -12.203633   99.999   99.999   19.576   17.581   15.857 
412        274.534661 -12.202211   99.999   99.999   19.576   18.340   16.929 
62         274.556588 -12.218656   99.999   99.999   19.578   17.817   16.245 
562        274.524099 -12.270797   99.999   99.999   19.581   17.969   16.356 
852        274.507281 -12.217548   99.999   99.999   19.582   18.407   17.275 
157        274.550879 -12.182360   99.999   99.999   19.584   18.472   17.436 
618        274.520641 -12.269964   99.999   99.999   19.587   18.458   17.297 
595        274.522162 -12.264760   99.999   99.999   19.588   18.025   16.651 
632        274.521024 -12.177340   99.999   99.999   19.588   18.554   17.577 
260        274.543851 -12.232592   99.999   99.999   19.589   18.580   17.582 
1118       274.488715 -12.254866   99.999   99.999   19.595   17.913   16.452 
1067       274.492915 -12.212019   99.999   99.999   19.604   18.494   17.328 
15         274.559553 -12.264706   99.999   99.999   19.607   18.083   16.495 
1127       274.488372 -12.213818   99.999   99.999   19.609   17.957   16.504 
493        274.529441 -12.183703   99.999   99.999   19.609   17.470   15.393 
855        274.507105 -12.224704   99.999   99.999   19.610   18.035   16.558 
930        274.501996 -12.249432   99.999   99.999   19.621   17.760   16.167 
147        274.551206 -12.242448   99.999   99.999   19.627   18.363   17.055 
1305       274.467785 -12.238782   99.999   99.999   19.633   18.296   17.010 
1337       274.461308 -12.224884   99.999   99.999   19.638   18.508   17.424 
597        274.522649 -12.216946   99.999   99.999   19.638   18.052   16.618 
410        274.533765 -12.276114   99.999   99.999   19.648   18.105   16.620 
591        274.522967 -12.231268   99.999   99.999   19.656   18.349   17.205 
515        274.527858 -12.175864   99.999   99.999   19.658   17.765   15.064 
1198       274.482412 -12.221273   99.999   99.999   19.659   17.606   15.661 
926        274.502666 -12.214070   99.999   99.999   19.664   18.714   17.299 
936        274.501497 -12.264209   99.999   99.999   19.664   18.235   16.918 
888        274.504680 -12.201467   99.999   99.999   19.665   17.844   16.063 
406        274.534662 -12.221210   99.999   99.999   19.669   18.583   17.437 
1292       274.470839 -12.173789   99.999   99.999   19.676   18.539   17.399 
137        274.551413 -12.271758   99.999   99.999   19.683   17.951   16.332 
672        274.517942 -12.220321   99.999   99.999   19.684   17.871   16.380 
1003       274.496588 -12.261355   99.999   99.999   19.686   17.784   16.126 
1103       274.489856 -12.245579   99.999   99.999   19.690   18.222   16.700 
178        274.548961 -12.225263   99.999   99.999   19.694   18.067   16.587 
400        274.535603 -12.197844   99.999   99.999   19.694   17.919   16.385 
512        274.526830 -12.260195   99.999   99.999   19.697   18.540   17.449 
950        274.501336 -12.199047   99.999   99.999   19.697   17.978   16.438 
101        274.553699 -12.250602   99.999   99.999   19.698   18.372   17.102 
1096       274.491013 -12.179250   99.999   99.999   19.698   18.522   17.607 
312        274.541387 -12.169856   99.999   99.999   19.700   18.444   17.332 
671        274.517934 -12.227176   99.999   99.999   19.704   17.960   16.626 
803        274.509974 -12.233513   99.999   99.999   19.704   18.580   17.396 
590        274.523183 -12.215399   99.999   99.999   19.705   18.708   17.504 
1194       274.482152 -12.277382   99.999   99.999   19.706   18.416   17.095 
891        274.503423 -12.278853   99.999   99.999   19.712   18.406   17.073 
1110       274.489683 -12.224217   99.999   99.999   19.713   18.127   16.628 
109        274.554202 -12.178959   99.999   99.999   19.714   18.390   17.138 
919        274.502573 -12.259560   99.999   99.999   19.721   18.397   17.225 
413        274.533964 -12.251091   99.999   99.999   19.727   18.327   16.992 
1160       274.486334 -12.175324   99.999   99.999   19.731   17.838   16.189 
179        274.548646 -12.245124   99.999   99.999   19.740   18.687   17.510 
1128       274.488275 -12.216284   99.999   99.999   19.741   18.537   17.306 
1020       274.496555 -12.193166   99.999   99.999   19.742   18.161   16.768 
509        274.527336 -12.230397   99.999   99.999   19.743   18.701   17.681 
598        274.521820 -12.272668   99.999   99.999   19.746   18.126   16.577 
890        274.504542 -12.203503   99.999   99.999   19.749   18.481   17.240 
167        274.550445 -12.188701   99.999   99.999   19.751   18.628   17.443 
164        274.550544 -12.190927   99.999   99.999   19.755   18.780   17.752 
532        274.526072 -12.251679   99.999   99.999   19.760   17.562   15.617 
269        274.544218 -12.170963   99.999   99.999   19.763   17.805   16.067 
163        274.549951 -12.237333   99.999   99.999   19.768   18.496   17.264 
1209       274.480616 -12.226941   99.999   99.999   19.769   18.326   17.022 
304        274.541229 -12.234300   99.999   99.999   19.775   18.297   16.914 
71         274.556591 -12.177811   99.999   99.999   19.784   18.885   99.999 
791        274.510699 -12.227146   99.999   99.999   19.784   18.091   16.702 
432        274.532118 -12.259096   99.999   99.999   19.788   18.207   16.652 
876        274.506063 -12.178498   99.999   99.999   19.796   18.149   16.597 
161        274.549466 -12.277519   99.999   99.999   19.797   18.930   17.869 
972        274.499720 -12.197685   99.999   99.999   19.800   18.896   17.845 
336        274.539697 -12.206786   99.999   99.999   19.806   18.322   17.013 
1300       274.468688 -12.253697   99.999   99.999   19.810   18.756   17.700 
229        274.546756 -12.171585   99.999   99.999   19.816   18.209   16.774 
503        274.527791 -12.221676   99.999   99.999   19.824   18.663   17.441 
582        274.524263 -12.176170   99.999   99.999   19.824   18.181   16.624 
708        274.515535 -12.224591   99.999   99.999   19.834   18.749   17.703 
152        274.551297 -12.189359   99.999   99.999   19.841   18.581   17.415 
1184       274.483681 -12.230992   99.999   99.999   19.842   18.399   17.048 
54         274.557454 -12.186514   99.999   99.999   19.844   18.756   17.834 
893        274.503685 -12.254435   99.999   99.999   19.848   17.890   16.187 
387        274.536958 -12.173454   99.999   99.999   19.851   18.575   17.379 
925        274.502984 -12.204100   99.999   99.999   19.854   18.692   17.611 
577        274.523883 -12.225270   99.999   99.999   19.857   17.888   16.012 
636        274.520656 -12.185993   99.999   99.999   19.858   18.625   17.466 
1339       274.461047 -12.236896   99.999   99.999   19.875   18.460   17.143 
372        274.537248 -12.218263   99.999   99.999   19.877   18.291   16.846 
685        274.516439 -12.271761   99.999   99.999   19.877   18.692   17.465 
134        274.551849 -12.255487   99.999   99.999   19.888   18.905   17.942 
752        274.512953 -12.215280   99.999   99.999   19.888   18.551   17.051 
237        274.545548 -12.210529   99.999   99.999   19.890   18.701   17.358 
506        274.528123 -12.183362   99.999   99.999   19.914   18.142   16.568 
1256       274.475352 -12.187544   99.999   99.999   19.931   18.615   17.343 
418        274.534710 -12.171790   99.999   99.999   19.950   18.679   17.369 
900        274.503688 -12.230776   99.999   99.999   19.966   18.563   17.178 
1093       274.490731 -12.204465   99.999   99.999   19.967   18.429   17.056 
250        274.544715 -12.219964   99.999   99.999   19.975   18.802   17.642 
278        274.543095 -12.230242   99.999   99.999   20.007   18.208   16.724 
564        274.524466 -12.222431   99.999   99.999   20.030   19.082   18.044 
373        274.536512 -12.270517   99.999   99.999   20.041   18.720   17.488 
492        274.529643 -12.178732   99.999   99.999   20.056   19.001   18.015 
120        274.552851 -12.244409   99.999   99.999   20.057   19.013   99.999 
294        274.541462 -12.257798   99.999   99.999   20.066   18.958   17.655 
586        274.524121 -12.172074   99.999   99.999   20.107   19.142   18.314 
725        274.514272 -12.226955   99.999   99.999   20.109   18.936   17.978 
217        274.546636 -12.213098   99.999   99.999   20.118   18.452   16.957 
253        274.544838 -12.185931   99.999   99.999   20.118   18.389   17.028 
616        274.521500 -12.216331   99.999   99.999   20.175   17.614   15.067 
140        274.552413 -12.178562   99.999   99.999   20.256   18.665   17.363 
214        274.547351 -12.170568   99.999   99.999   20.262   19.092   18.179 
1000       274.497765 -12.196478   99.999   99.999   99.999   18.940   17.469 
1004       274.496777 -12.247204   99.999   99.999   99.999   18.738   17.624 
1009       274.496835 -12.223600   99.999   99.999   99.999   18.988   17.702 
1010       274.496411 -12.251444   99.999   99.999   99.999   19.195   17.254 
1011       274.497492 -12.167949   99.999   99.999   99.999   19.159   17.793 
1014       274.496447 -12.235812   99.999   99.999   99.999   19.464   18.438 
1018       274.496910 -12.180827   99.999   99.999   99.999   18.916   17.522 
1022       274.495900 -12.227935   99.999   99.999   99.999   19.019   17.906 
1026       274.495922 -12.195743   99.999   99.999   99.999   18.812   17.284 
1027       274.495197 -12.238531   99.999   99.999   99.999   18.765   17.386 
10         274.559467 -12.281404   99.999   99.999   99.999   17.946   16.881 
1028       274.495023 -12.250215   99.999   99.999   99.999   18.712   16.988 
1029       274.494886 -12.257758   99.999   99.999   99.999   18.639   17.231 
1030       274.494545 -12.274705   99.999   99.999   99.999   18.710   17.121 
1034       274.495700 -12.174805   99.999   99.999   99.999   18.900   17.378 
1036       274.494270 -12.268963   99.999   99.999   99.999   18.689   17.221 
1040       274.494817 -12.201904   99.999   99.999   99.999   18.548   17.053 
1042       274.494522 -12.221064   99.999   99.999   99.999   18.001   15.735 
104        274.553345 -12.264018   99.999   99.999   99.999   18.775   17.478 
1046       274.494727 -12.171921   99.999   99.999   99.999   18.984   17.320 
1047       274.493824 -12.234803   99.999   99.999   99.999   18.715   17.622 
1050       274.493950 -12.214479   99.999   99.999   99.999   19.199   17.648 
1051       274.493056 -12.277174   99.999   99.999   99.999   18.730   17.356 
1053       274.492989 -12.273206   99.999   99.999   99.999   18.893   17.455 
1054       274.493573 -12.226699   99.999   99.999   99.999   18.978   17.508 
1055       274.492962 -12.268365   99.999   99.999   99.999   18.953   17.658 
1057       274.493127 -12.251305   99.999   99.999   99.999   18.880   17.398 
1058       274.494201 -12.170599   99.999   99.999   99.999   18.257   16.273 
1062       274.492759 -12.260264   99.999   99.999   99.999   19.123   18.008 
106        274.553407 -12.249051   99.999   99.999   99.999   18.946   17.543 
1071       274.491772 -12.269871   99.999   99.999   99.999   18.301   17.011 
1072       274.492532 -12.212867   99.999   99.999   99.999   18.716   17.697 
1074       274.491716 -12.258464   99.999   99.999   99.999   17.826   15.792 
1075       274.492492 -12.194843   99.999   99.999   99.999   18.850   17.609 
1076       274.492229 -12.209071   99.999   99.999   99.999   18.222   16.793 
1078       274.492388 -12.187749   99.999   99.999   99.999   18.844   17.205 
1080       274.491594 -12.244442   99.999   99.999   99.999   18.286   16.273 
1081       274.491119 -12.279110   99.999   99.999   99.999   18.828   17.462 
108        274.554369 -12.173469   99.999   99.999   99.999   17.401   13.326 
1084       274.491385 -12.242594   99.999   99.999   99.999   17.633   16.116 
1085       274.491807 -12.205681   99.999   99.999   99.999   18.825   17.287 
1087       274.491998 -12.169366   99.999   99.999   99.999   18.605   16.935 
1089       274.490941 -12.239045   99.999   99.999   99.999   18.568   16.633 
1090       274.490958 -12.237078   99.999   99.999   99.999   19.421   17.913 
1091       274.491458 -12.184084   99.999   99.999   99.999   18.733   17.520 
1092       274.491357 -12.170454   99.999   99.999   99.999   18.530   16.888 
1094       274.490749 -12.201180   99.999   99.999   99.999   18.730   17.212 
1101       274.490125 -12.238474   99.999   99.999   99.999   18.211   16.773 
1106       274.489937 -12.225388   99.999   99.999   99.999   18.583   15.222 
1109       274.489664 -12.233206   99.999   99.999   99.999   18.021   16.647 
1117       274.488770 -12.251293   99.999   99.999   99.999   18.809   17.617 
1122       274.488360 -12.252124   99.999   99.999   99.999   19.026   17.799 
1126       274.488369 -12.222979   99.999   99.999   99.999   19.289   18.337 
11         274.560501 -12.201952   99.999   99.999   99.999   18.996   17.270 
1129       274.487520 -12.270255   99.999   99.999   99.999   18.208   17.153 
1131       274.488086 -12.220564   99.999   99.999   99.999   18.700   17.252 
1132       274.488454 -12.190470   99.999   99.999   99.999   18.176   16.515 
1135       274.486800 -12.284130   99.999   99.999   99.999   18.493   16.919 
1139       274.487765 -12.201895   99.999   99.999   99.999   18.826   17.622 
1146       274.486379 -12.271925   99.999   99.999   99.999   16.768   16.264 
1150       274.486953 -12.207791   99.999   99.999   99.999   18.516   17.022 
1151       274.486709 -12.220878   99.999   99.999   99.999   19.102   17.493 
1153       274.486640 -12.215178   99.999   99.999   99.999   18.428   16.926 
1154       274.485792 -12.258848   99.999   99.999   99.999   18.907   17.295 
1157       274.485939 -12.218347   99.999   99.999   99.999   17.947   16.297 
1162       274.485542 -12.225438   99.999   99.999   99.999   17.972   16.721 
116        274.552806 -12.257077   99.999   99.999   99.999   18.377   16.448 
1170       274.485199 -12.204120   99.999   99.999   99.999   18.845   17.301 
1172       274.484439 -12.242044   99.999   99.999   99.999   19.027   17.687 
117        274.553736 -12.182896   99.999   99.999   99.999   18.033   16.711 
1174       274.484212 -12.237698   99.999   99.999   99.999   18.295   16.630 
1175       274.484958 -12.182204   99.999   99.999   99.999   18.089   16.443 
1179       274.483965 -12.235128   99.999   99.999   99.999   19.116   17.956 
1180       274.484512 -12.191178   99.999   99.999   99.999   18.200   16.547 
1181       274.484548 -12.179554   99.999   99.999   99.999   19.065   17.576 
1189       274.483672 -12.206648   99.999   99.999   99.999   18.429   16.931 
1192       274.483673 -12.180025   99.999   99.999   99.999   18.564   16.868 
119        274.553207 -12.221832   99.999   99.999   99.999   18.126   16.639 
1193       274.482375 -12.274399   99.999   99.999   99.999   18.999   17.420 
1195       274.482411 -12.247450   99.999   99.999   99.999   18.299   16.671 
1196       274.481894 -12.282712   99.999   99.999   99.999   17.785   15.009 
1197       274.482843 -12.209620   99.999   99.999   99.999   18.304   16.850 
1199       274.482030 -12.244012   99.999   99.999   99.999   18.332   16.468 
1201       274.481006 -12.273861   99.999   99.999   99.999   19.092   17.998 
1202       274.481037 -12.254946   99.999   99.999   99.999   18.868   16.994 
1203       274.481534 -12.215935   99.999   99.999   99.999   18.915   16.900 
1205       274.480829 -12.243127   99.999   99.999   99.999   18.431   16.642 
1206       274.480590 -12.251526   99.999   99.999   99.999   18.629   17.245 
121        274.552281 -12.282826   99.999   99.999   99.999   18.853   17.598 
1213       274.479947 -12.258852   99.999   99.999   99.999   18.739   17.064 
1216       274.480197 -12.219279   99.999   99.999   99.999   18.341   16.796 
1223       274.479759 -12.190301   99.999   99.999   99.999   18.280   15.439 
1225       274.479494 -12.206205   99.999   99.999   99.999   18.976   17.471 
1228       274.479331 -12.198014   99.999   99.999   99.999   19.193   17.578 
1233       274.478767 -12.191276   99.999   99.999   99.999   18.459   16.574 
1241       274.477453 -12.187929   99.999   99.999   99.999   18.277   16.705 
1243       274.476234 -12.267431   99.999   99.999   99.999   18.178   16.149 
1246       274.476082 -12.240386   99.999   99.999   99.999   17.981   16.248 
1249       274.476049 -12.202941   99.999   99.999   99.999   18.457   16.639 
125        274.552956 -12.213392   99.999   99.999   99.999   19.029   17.516 
1255       274.474656 -12.247018   99.999   99.999   99.999   18.680   16.619 
1259       274.474147 -12.239570   99.999   99.999   99.999   18.552   16.775 
1261       274.474523 -12.198842   99.999   99.999   99.999   19.038   17.376 
1268       274.473635 -12.217384   99.999   99.999   99.999   17.925   16.753 
1274       274.472564 -12.226883   99.999   99.999   99.999   18.859   17.081 
1278       274.472129 -12.232483   99.999   99.999   99.999   17.714   14.528 
1281       274.471436 -12.258824   99.999   99.999   99.999   18.702   16.696 
1287       274.470699 -12.236363   99.999   99.999   99.999   18.690   16.546 
1298       274.470018 -12.188294   99.999   99.999   99.999   19.004   16.596 
1301       274.468151 -12.274774   99.999   99.999   99.999   18.872   17.242 
130        274.552362 -12.246355   99.999   99.999   99.999   18.511   16.958 
1304       274.468175 -12.225167   99.999   99.999   99.999   18.582   17.157 
1314       274.466218 -12.207755   99.999   99.999   99.999   18.780   17.684 
1315       274.465677 -12.240060   99.999   99.999   99.999   19.014   17.550 
1319       274.465877 -12.187263   99.999   99.999   99.999   18.943   17.717 
1321       274.465162 -12.237495   99.999   99.999   99.999   18.884   16.884 
1322       274.464387 -12.279143   99.999   99.999   99.999   18.682   16.599 
1325       274.464659 -12.224596   99.999   99.999   99.999   18.672   17.208 
13         274.560598 -12.192744   99.999   99.999   99.999   18.427   16.960 
133        274.552154 -12.239984   99.999   99.999   99.999   18.492   17.028 
1343       274.460364 -12.262786   99.999   99.999   99.999   99.999   14.032 
1345       274.461199 -12.168237   99.999   99.999   99.999   17.763   16.843 
1346       274.459808 -12.266649   99.999   99.999   99.999   18.210   15.666 
1347       274.459986 -12.238393   99.999   99.999   99.999   18.945   17.635 
1352       274.459020 -12.248923   99.999   99.999   99.999   18.926   17.808 
1356       274.458200 -12.230923   99.999   99.999   99.999   18.995   16.608 
1357       274.457081 -12.282421   99.999   99.999   99.999   18.804   16.402 
1359       274.457721 -12.182568   99.999   99.999   99.999   19.025   17.661 
1376       274.454249 -12.172754   99.999   99.999   99.999   18.702   16.498 
1378       274.453036 -12.235956   99.999   99.999   99.999   18.886   17.407 
1381       274.452503 -12.234037   99.999   99.999   99.999   18.945   17.817 
1382       274.452500 -12.221334   99.999   99.999   99.999   18.002   15.033 
1385       274.451800 -12.173919   99.999   99.999   99.999   19.059   17.877 
1393       274.450200 -12.199245   99.999   99.999   99.999   18.810   16.558 
1396       274.448958 -12.248567   99.999   99.999   99.999   18.626   17.652 
141        274.551592 -12.237051   99.999   99.999   99.999   19.034   17.849 
143        274.550904 -12.283399   99.999   99.999   99.999   18.596   16.939 
148        274.551025 -12.252980   99.999   99.999   99.999   18.841   17.021 
150        274.551339 -12.202362   99.999   99.999   99.999   18.722   17.181 
151        274.551668 -12.172886   99.999   99.999   99.999   18.841   17.526 
158        274.550937 -12.177966   99.999   99.999   99.999   19.009   17.591 
160        274.549758 -12.260043   99.999   99.999   99.999   19.121   17.912 
166        274.550390 -12.199428   99.999   99.999   99.999   18.065   16.513 
170        274.549871 -12.225370   99.999   99.999   99.999   18.512   17.289 
17         274.559683 -12.232557   99.999   99.999   99.999   18.776   17.318 
174        274.548985 -12.243158   99.999   99.999   99.999   18.816   17.676 
181        274.548066 -12.280559   99.999   99.999   99.999   17.804   16.284 
188        274.548735 -12.208628   99.999   99.999   99.999   18.468   17.039 
191        274.548364 -12.223027   99.999   99.999   99.999   18.891   17.650 
193        274.547572 -12.272006   99.999   99.999   99.999   18.967   17.417 
194        274.547585 -12.267887   99.999   99.999   99.999   18.834   17.675 
195        274.548632 -12.171227   99.999   99.999   99.999   19.262   18.115 
199        274.547586 -12.229216   99.999   99.999   99.999   19.095   17.936 
201        274.548053 -12.179322   99.999   99.999   99.999   18.367   16.834 
206        274.546897 -12.233933   99.999   99.999   99.999   18.129   16.827 
211        274.545947 -12.284473   99.999   99.999   99.999   18.867   17.374 
222        274.546946 -12.180486   99.999   99.999   99.999   18.503   17.035 
227        274.546458 -12.204758   99.999   99.999   99.999   18.755   17.382 
228        274.546033 -12.227743   99.999   99.999   99.999   18.550   17.296 
232        274.546032 -12.208884   99.999   99.999   99.999   18.650   17.103 
23         274.558810 -12.275233   99.999   99.999   99.999   18.629   17.090 
233        274.546128 -12.195900   99.999   99.999   99.999   18.462   16.913 
238        274.545370 -12.218086   99.999   99.999   99.999   18.602   17.271 
239        274.545729 -12.188446   99.999   99.999   99.999   18.250   16.729 
242        274.545736 -12.173708   99.999   99.999   99.999   18.357   17.089 
243        274.545060 -12.222975   99.999   99.999   99.999   18.630   16.804 
247        274.544134 -12.266056   99.999   99.999   99.999   18.792   17.374 
248        274.544179 -12.262682   99.999   99.999   99.999   17.736   15.656 
249        274.544687 -12.223926   99.999   99.999   99.999   19.169   17.832 
25         274.559233 -12.227460   99.999   99.999   99.999   18.803   17.506 
254        274.544329 -12.218751   99.999   99.999   99.999   19.077   17.865 
256        274.544031 -12.236761   99.999   99.999   99.999   19.474   17.607 
259        274.544262 -12.202297   99.999   99.999   99.999   18.358   16.885 
262        274.544227 -12.198338   99.999   99.999   99.999   18.657   17.096 
267        274.544113 -12.186611   99.999   99.999   99.999   18.202   16.463 
27         274.559397 -12.196561   99.999   99.999   99.999   19.182   17.284 
276        274.542918 -12.247428   99.999   99.999   99.999   18.474   17.021 
287        274.541531 -12.284390   99.999   99.999   99.999   18.329   16.580 
288        274.542810 -12.184914   99.999   99.999   99.999   18.557   17.094 
292        274.542007 -12.221898   99.999   99.999   99.999   18.971   17.648 
295        274.541548 -12.249141   99.999   99.999   99.999   18.598   17.259 
298        274.541065 -12.265839   99.999   99.999   99.999   18.957   17.503 
301        274.541705 -12.211517   99.999   99.999   99.999   18.951   17.733 
302        274.541027 -12.261892   99.999   99.999   99.999   19.032   17.630 
303        274.541675 -12.212600   99.999   99.999   99.999   18.658   16.840 
314        274.540041 -12.266515   99.999   99.999   99.999   18.931   17.840 
320        274.540273 -12.217415   99.999   99.999   99.999   18.138   17.090 
321        274.539639 -12.260237   99.999   99.999   99.999   19.002   17.915 
324        274.540120 -12.215281   99.999   99.999   99.999   18.089   16.498 
325        274.540034 -12.212113   99.999   99.999   99.999   18.606   17.089 
326        274.539754 -12.223397   99.999   99.999   99.999   19.073   17.479 
329        274.539709 -12.224304   99.999   99.999   99.999   19.054   17.948 
332        274.539238 -12.247019   99.999   99.999   99.999   17.872   16.744 
33         274.559320 -12.184936   99.999   99.999   99.999   18.724   17.188 
337        274.539947 -12.178641   15.628   99.999   99.999   99.999   99.999 
340        274.539346 -12.208663   99.999   99.999   99.999   18.496   17.134 
344        274.539350 -12.186653   99.999   99.999   99.999   19.027   17.630 
346        274.539023 -12.197355   99.999   99.999   99.999   18.488   16.948 
348        274.538567 -12.224243   99.999   99.999   99.999   18.543   17.078 
35         274.558832 -12.207012   99.999   99.999   99.999   18.227   16.683 
356        274.538205 -12.220188   99.999   99.999   99.999   18.764   17.389 
361        274.538027 -12.201612   99.999   99.999   99.999   19.198   17.973 
36         274.557969 -12.260038   99.999   99.999   99.999   19.100   17.606 
364        274.538136 -12.176746   99.999   99.999   99.999   17.996   17.289 
365        274.536832 -12.272019   99.999   99.999   99.999   18.808   17.320 
366        274.537439 -12.225480   99.999   99.999   99.999   18.872   17.084 
369        274.536545 -12.279046   99.999   99.999   99.999   19.051   17.620 
371        274.536508 -12.274198   99.999   99.999   99.999   18.164   17.013 
375        274.537533 -12.180791   99.999   99.999   99.999   18.966   17.235 
376        274.537085 -12.212740   99.999   99.999   99.999   19.087   17.517 
378        274.537124 -12.197596   99.999   99.999   99.999   19.121   17.359 
383        274.537173 -12.175693   99.999   99.999   99.999   18.739   17.469 
384        274.536798 -12.203244   99.999   99.999   99.999   19.095   17.788 
386        274.536460 -12.217491   99.999   99.999   99.999   18.657   17.282 
389        274.536503 -12.184554   99.999   99.999   99.999   18.227   17.309 
396        274.536178 -12.175756   99.999   99.999   99.999   18.729   17.665 
403        274.535820 -12.174206   99.999   99.999   99.999   18.641   17.548 
407        274.534412 -12.234561   99.999   99.999   99.999   18.945   18.077 
414        274.533435 -12.278091   99.999   99.999   99.999   18.928   17.334 
415        274.533598 -12.259081   99.999   99.999   99.999   18.666   17.019 
416        274.534754 -12.169554   99.999   99.999   99.999   18.707   17.252 
42         274.557344 -12.268503   99.999   99.999   99.999   18.854   17.645 
4          274.560854 -12.203591   99.999   99.999   99.999   19.128   17.503 
433        274.533106 -12.184196   99.999   99.999   99.999   18.657   17.457 
435        274.533020 -12.182568   99.999   99.999   99.999   18.686   17.386 
438        274.533056 -12.171346   99.999   99.999   99.999   18.900   16.833 
44         274.558332 -12.183786   99.999   99.999   99.999   18.980   17.724 
45         274.557801 -12.211818   99.999   99.999   99.999   18.588   17.123 
456        274.530753 -12.267850   99.999   99.999   99.999   19.042   17.819 
459        274.531715 -12.180806   99.999   99.999   99.999   18.807   17.586 
465        274.530582 -12.243823   99.999   99.999   99.999   18.539   16.882 
469        274.529961 -12.270040   99.999   99.999   99.999   18.951   17.558 
474        274.529499 -12.267502   99.999   99.999   99.999   19.097   17.911 
477        274.529729 -12.225877   99.999   99.999   99.999   19.054   17.983 
481        274.529852 -12.189378   99.999   99.999   99.999   18.897   17.230 
484        274.528965 -12.249800   99.999   99.999   99.999   18.327   16.868 
489        274.529210 -12.221124   99.999   99.999   99.999   19.058   17.562 
50         274.556951 -12.255042   99.999   99.999   99.999   18.680   17.320 
505        274.526828 -12.283485   99.999   99.999   99.999   18.661   17.306 
510        274.526772 -12.272243   99.999   99.999   99.999   19.212   17.968 
511        274.527410 -12.218828   99.999   99.999   99.999   19.257   17.699 
52         274.557541 -12.183845   99.999   99.999   99.999   18.647   17.167 
536        274.526167 -12.236549   99.999   99.999   99.999   16.670   15.855 
537        274.525850 -12.257003   99.999   99.999   99.999   17.915   16.564 
552        274.524776 -12.264488   99.999   99.999   99.999   19.034   17.378 
55         274.556805 -12.233069   99.999   99.999   99.999   17.305   14.519 
556        274.525208 -12.212787   99.999   99.999   99.999   18.578   17.006 
559        274.525387 -12.196178   99.999   99.999   99.999   19.001   17.466 
560        274.525561 -12.172969   99.999   99.999   99.999   18.769   17.149 
565        274.523470 -12.281885   99.999   99.999   99.999   19.066   17.640 
569        274.523422 -12.279282   99.999   99.999   99.999   19.016   17.795 
572        274.523908 -12.235014   99.999   99.999   99.999   18.511   17.341 
574        274.523248 -12.274388   99.999   99.999   99.999   18.614   16.940 
579        274.523611 -12.233646   99.999   99.999   99.999   19.269   17.429 
59         274.555900 -12.278934   99.999   99.999   99.999   18.762   17.577 
604        274.521464 -12.258418   99.999   99.999   99.999   19.020   17.779 
605        274.521414 -12.261042   99.999   99.999   99.999   18.708   17.298 
609        274.522020 -12.205833   99.999   99.999   99.999   18.394   16.760 
612        274.521179 -12.255573   99.999   99.999   99.999   19.351   17.705 
617        274.520580 -12.283756   99.999   99.999   99.999   18.178   16.524 
621        274.521239 -12.214320   99.999   99.999   99.999   18.945   17.770 
623        274.520822 -12.233022   99.999   99.999   99.999   18.957   17.315 
627        274.520682 -12.230504   99.999   99.999   99.999   19.260   17.809 
628        274.520006 -12.273341   99.999   99.999   99.999   18.668   17.218 
630        274.519684 -12.278808   99.999   99.999   99.999   17.291   14.560 
63         274.556460 -12.211537   99.999   99.999   99.999   19.092   17.793 
633        274.520693 -12.190289   99.999   99.999   99.999   17.214   14.254 
647        274.518962 -12.272294   99.999   99.999   99.999   18.475   15.344 
648        274.519687 -12.211554   99.999   99.999   99.999   19.233   17.626 
651        274.519600 -12.199082   99.999   99.999   99.999   19.217   17.409 
653        274.519717 -12.184248   99.999   99.999   99.999   17.770   15.687 
654        274.519003 -12.232191   99.999   99.999   99.999   18.975   17.689 
660        274.518890 -12.217673   99.999   99.999   99.999   17.362   14.362 
667        274.518786 -12.195852   99.999   99.999   99.999   18.663   17.235 
668        274.517676 -12.271355   99.999   99.999   99.999   18.794   17.570 
675        274.517102 -12.273544   99.999   99.999   99.999   18.594   17.173 
677        274.518442 -12.168667   99.999   99.999   99.999   18.860   16.981 
678        274.516955 -12.266627   99.999   99.999   99.999   18.374   16.904 
680        274.517070 -12.248720   99.999   99.999   99.999   18.020   16.063 
686        274.517192 -12.211124   99.999   99.999   99.999   18.942   17.538 
693        274.517114 -12.194592   99.999   99.999   99.999   18.242   16.504 
694        274.517307 -12.177270   99.999   99.999   99.999   18.421   16.842 
699        274.515957 -12.234880   99.999   99.999   99.999   18.218   16.912 
701        274.516617 -12.178966   99.999   99.999   99.999   18.783   17.246 
703        274.515337 -12.263018   99.999   99.999   99.999   18.825   17.544 
717        274.514323 -12.267400   99.999   99.999   99.999   18.826   17.791 
719        274.515257 -12.189705   99.999   99.999   99.999   18.535   17.345 
723        274.513921 -12.269482   99.999   99.999   99.999   18.423   17.260 
726        274.514385 -12.212894   99.999   99.999   99.999   18.933   17.899 
7          274.560124 -12.257173   99.999   99.999   99.999   18.279   16.646 
746        274.512938 -12.230100   99.999   99.999   99.999   19.007   17.948 
750        274.513281 -12.194274   99.999   99.999   99.999   19.005   17.472 
75         274.556382 -12.176989   99.999   99.999   99.999   18.463   17.000 
758        274.512776 -12.211472   99.999   99.999   99.999   19.394   17.813 
759        274.512800 -12.209466   99.999   99.999   99.999   18.855   17.681 
760        274.511961 -12.267381   99.999   99.999   99.999   18.402   17.286 
761        274.512811 -12.190978   99.999   99.999   99.999   18.288   16.699 
76         274.555978 -12.203457   99.999   99.999   99.999   18.632   17.318 
763        274.511962 -12.251277   99.999   99.999   99.999   18.742   17.302 
768        274.511395 -12.276159   99.999   99.999   99.999   18.983   17.349 
769        274.512073 -12.215060   99.999   99.999   99.999   18.405   17.055 
770        274.512108 -12.208124   99.999   99.999   99.999   18.799   17.286 
786        274.510839 -12.229339   99.999   99.999   99.999   18.874   17.831 
793        274.510436 -12.232805   99.999   99.999   99.999   18.503   17.225 
794        274.509721 -12.281295   99.999   99.999   99.999   18.965   17.449 
796        274.511129 -12.173240   99.999   99.999   99.999   19.128   17.632 
798        274.510481 -12.214183   99.999   99.999   99.999   18.750   17.276 
801        274.509850 -12.251961   99.999   99.999   99.999   18.241   17.001 
806        274.509203 -12.283253   99.999   99.999   99.999   18.867   17.628 
810        274.509783 -12.224602   99.999   99.999   99.999   19.068   18.065 
811        274.509839 -12.218007   99.999   99.999   99.999   18.268   16.864 
817        274.509242 -12.214345   99.999   99.999   99.999   18.929   17.181 
824        274.508550 -12.238014   99.999   99.999   99.999   18.565   17.304 
830        274.508431 -12.226836   99.999   99.999   99.999   17.825   16.523 
833        274.507814 -12.266161   99.999   99.999   99.999   18.959   17.508 
834        274.507904 -12.258863   99.999   99.999   99.999   18.110   16.585 
835        274.508410 -12.220246   99.999   99.999   99.999   18.963   17.447 
84         274.555841 -12.169265   99.999   99.999   99.999   18.709   17.199 
843        274.507341 -12.269124   99.999   99.999   99.999   18.797   17.481 
848        274.507859 -12.188986   99.999   99.999   99.999   19.006   17.536 
849        274.507097 -12.245320   99.999   99.999   99.999   18.913   17.672 
86         274.555346 -12.188076   99.999   99.999   99.999   19.204   17.905 
865        274.505874 -12.265981   99.999   99.999   99.999   18.595   17.009 
866        274.506035 -12.246778   99.999   99.999   99.999   17.762   16.395 
867        274.505821 -12.245677   99.999   99.999   99.999   18.600   17.558 
869        274.505518 -12.254536   99.999   99.999   99.999   19.255   18.216 
870        274.505568 -12.250418   99.999   99.999   99.999   18.622   17.414 
873        274.505067 -12.276389   99.999   99.999   99.999   18.763   17.094 
877        274.505392 -12.216464   99.999   99.999   99.999   18.782   17.197 
89         274.554653 -12.234079   99.999   99.999   99.999   18.330   16.825 
894        274.503792 -12.244841   99.999   99.999   99.999   18.652   17.322 
895        274.504144 -12.210728   99.999   99.999   99.999   18.191   16.770 
896        274.504510 -12.183583   99.999   99.999   99.999   18.729   17.680 
901        274.503842 -12.216621   99.999   99.999   99.999   18.880   17.459 
904        274.503692 -12.225620   99.999   99.999   99.999   18.838   17.712 
909        274.503400 -12.229978   99.999   99.999   99.999   18.716   17.130 
910        274.502894 -12.263615   99.999   99.999   99.999   19.087   17.650 
917        274.503377 -12.201195   99.999   99.999   99.999   18.789   17.193 
92         274.555234 -12.186826   99.999   99.999   99.999   18.001   16.990 
923        274.503058 -12.208435   99.999   99.999   99.999   18.587   16.801 
9          274.560243 -12.224630   99.999   99.999   99.999   18.372   16.846 
931        274.502652 -12.197397   99.999   99.999   99.999   19.017   17.727 
932        274.501971 -12.246856   99.999   99.999   99.999   18.788   17.432 
935        274.501364 -12.276141   99.999   99.999   99.999   19.088   17.584 
937        274.501386 -12.257584   99.999   99.999   99.999   18.924   17.693 
939        274.501111 -12.266737   99.999   99.999   99.999   17.617   16.167 
940        274.501870 -12.201076   99.999   99.999   99.999   19.033   18.010 
94         274.554608 -12.230885   99.999   99.999   99.999   18.797   17.227 
944        274.501035 -12.241739   99.999   99.999   99.999   19.134   17.817 
951        274.501430 -12.191963   99.999   99.999   99.999   18.528   17.119 
956        274.499614 -12.277832   99.999   99.999   99.999   18.985   17.664 
959        274.500608 -12.194196   99.999   99.999   99.999   18.965   17.565 
960        274.499340 -12.272759   99.999   99.999   99.999   18.738   17.577 
962        274.500213 -12.196792   99.999   99.999   99.999   19.281   17.429 
96         274.554868 -12.205216   99.999   99.999   99.999   18.955   17.746 
963        274.499942 -12.216762   99.999   99.999   99.999   18.145   16.445 
971        274.499461 -12.218549   99.999   99.999   99.999   17.970   16.717 
976        274.499231 -12.220414   99.999   99.999   99.999   18.726   17.417 
977        274.499004 -12.226816   99.999   99.999   99.999   17.466   14.404 
979        274.498756 -12.238631   99.999   99.999   99.999   19.041   17.307 
982        274.499332 -12.168186   99.999   99.999   99.999   18.896   17.285 
984        274.497970 -12.261924   99.999   99.999   99.999   18.282   16.788 
987        274.497527 -12.278341   99.999   99.999   99.999   19.044   17.828 
992        274.497550 -12.237789   99.999   99.999   99.999   18.250   16.285 
99         274.554603 -12.195245   99.999   99.999   99.999   19.142   17.655 
993        274.497770 -12.217466   99.999   99.999   99.999   18.004   16.463 
996        274.497247 -12.241658   99.999   99.999   99.999   19.189   17.866 
997        274.497067 -12.254649   99.999   99.999   99.999   19.074   17.909 
